Input Configuration


   Altitude :  90.00
   Airmass  :   1.00


   Season      : Entire Year
   Time Period : Entire Night
   

   PWV         : Seasonal Average
   Monthly Averaged Solar Flux : 130.00 s.f.u

   Components included in the radiance model:

      Scattered Moon Light:
         separation of Sun and Moon       :  90.00 degrees
         separation of Moon and object    :  45.00 degrees
         altitude of Moon above horizon   :  45.00 degrees
         distance to Moon                 :   1.0000

      Star Light

      Zodiacal Light:
         ecliptic longitude of object : 135.00 degrees
         ecliptic latiude of object   :  90.00 degrees

      Molecular Emission of Lower Atmosphere
      Emission Lines of Upper Atmosphere
      Airglow Continuum

   Wavelength grid:
       Range: 340.00 nm - 770.00 nm
       Fixed wavelength step delta=0.50 nm

   LSF convolution kernel: none
340 445.6359302
340.5 451.7809752
341 442.9568467
341.5 428.2417884
342 441.9607182
342.5 452.4236518
343 446.3476912
343.5 445.7515385
344 405.0716484
344.5 377.4322142
345 400.0366027
345.5 448.9283378
346 444.7122115
346.5 419.7940224
347 411.7293331
347.5 405.8534083
348 448.6828214
348.5 455.6087307
349 442.2411782
349.5 412.4827446
350 425.1295373
350.5 454.2783523
351 441.3252423
351.5 426.5461462
352 414.7896033
352.5 394.583851
353 406.7929296
353.5 425.223934
354 439.3694603
354.5 476.2903267
355 467.4927948
355.5 461.2491897
356 444.9313008
356.5 416.1996836
357 381.4851114
357.5 350.003994
358 335.7837196
358.5 319.4984633
359 352.780664
359.5 401.4857257
360 408.2374488
360.5 404.6496271
361 392.6240767
361.5 390.886333
362 423.7389505
362.5 425.9442445
363 430.8396705
363.5 445.0707634
364 438.0533221
364.5 439.3256598
365 447.1235115
365.5 466.6328707
366 482.3870347
366.5 497.6120462
367 496.1128428
367.5 488.269349
368 472.6566483
368.5 459.8653044
369 473.9389402
369.5 494.9939608
370 512.192539
370.5 490.8724576
371 488.9229516
371.5 482.838363
372 468.6091394
372.5 447.84033
373 427.4142992
373.5 422.4850636
374 433.6452719
374.5 406.310168
375 425.3563103
375.5 443.3288293
376 451.4508737
376.5 454.9121233
377 476.3560599
377.5 525.0088704
378 529.6957934
378.5 539.3853529
379 498.8479856
379.5 462.3676703
380 465.6827485
380.5 482.0010924
381 470.2578363
381.5 469.4103049
382 427.2681968
382.5 372.508501
383 360.8706378
383.5 340.9417514
384 365.7586686
384.5 410.5239069
385 425.4334854
385.5 421.3162192
386 416.2492011
386.5 418.7848256
387 414.6873203
387.5 416.5646437
388 412.143104
388.5 411.2020662
389 446.3231043
389.5 467.8299334
390 485.3858662
390.5 513.0157187
391 550.5099029
391.5 554.6040636
392 504.7218046
392.5 449.2545334
393 374.3901371
393.5 289.9691555
394 338.5454328
394.5 434.6182502
395 477.3660359
395.5 538.9000834
396 471.6029668
396.5 387.1187164
397 378.3594945
397.5 398.3473118
398 493.8666577
398.5 592.0790848
399 634.7568587
399.5 659.0981179
400 668.8917207
400.5 665.7954735
401 701.041229
401.5 708.9419699
402 707.1505346
402.5 704.514293
403 693.4871779
403.5 676.5283295
404 669.9013087
404.5 679.4725914
405 695.8543166
405.5 672.9080786
406 663.93309
406.5 661.4523049
407 646.9013471
407.5 646.8910447
408 674.4814119
408.5 687.8671933
409 681.5214133
409.5 678.8290374
410 645.2275301
410.5 589.5957586
411 626.3835355
411.5 670.2358975
412 677.1873037
412.5 670.4882407
413 656.7492551
413.5 640.6982274
414 627.5255704
414.5 612.7369321
415 607.5201953
415.5 613.6725659
416 640.9884646
416.5 663.1604298
417 643.0639971
417.5 611.9561725
418 599.0885953
418.5 601.0884715
419 599.9059993
419.5 597.3888629
420 605.4323159
420.5 610.5096082
421 623.2667291
421.5 625.5049016
422 597.0827679
422.5 568.9471187
423 570.4724135
423.5 594.5347287
424 600.9536836
424.5 609.3301014
425 618.989171
425.5 596.2919045
426 588.3049104
426.5 588.3605757
427 573.1343355
427.5 554.9951158
428 552.413684
428.5 557.7195516
429 541.0794168
429.5 524.7448843
430 483.884744
430.5 430.2047691
431 479.1190102
431.5 573.2408686
432 585.2488908
432.5 575.7385785
433 577.8945044
433.5 590.4635756
434 591.9254483
434.5 576.7450776
435 580.3405699
435.5 588.1635996
436 613.6380166
436.5 644.6562515
437 643.3031929
437.5 619.0917107
438 586.9690946
438.5 554.4128169
439 572.8692547
439.5 610.0998756
440 607.9061164
440.5 607.5323952
441 627.6922038
441.5 666.2305927
442 660.0778129
442.5 665.1638873
443 653.8670556
443.5 646.7684329
444 646.1040262
444.5 658.3941541
445 642.4302958
445.5 617.6571651
446 620.0826817
446.5 630.1759189
447 651.7104052
447.5 678.8511472
448 670.6256788
448.5 656.8302477
449 655.6384445
449.5 662.7343145
450 676.6135907
450.5 692.9071132
451 695.0643025
451.5 686.8720493
452 666.7177382
452.5 641.5780871
453 642.2240146
453.5 645.5059073
454 651.6329591
454.5 651.1572195
455 648.5194068
455.5 665.4974646
456 661.61046
456.5 668.8878109
457 672.1524433
457.5 672.7901456
458 667.0610877
458.5 652.8428995
459 644.0239789
459.5 643.0503634
460 646.9402929
460.5 650.5570431
461 652.4912865
461.5 653.8602451
462 658.7951725
462.5 664.9595945
463 659.3793652
463.5 649.7186699
464 640.0786245
464.5 630.4708652
465 634.3791798
465.5 642.951123
466 637.7279259
466.5 620.465093
467 629.1764384
467.5 652.5527962
468 641.0997096
468.5 642.120914
469 635.4477423
469.5 635.4952944
470 624.1700789
470.5 608.8350614
471 622.2615745
471.5 640.5186851
472 651.1773021
472.5 652.5421538
473 648.726458
473.5 642.174979
474 647.1164194
474.5 656.0489363
475 654.8678116
475.5 648.9941135
476 640.4683246
476.5 631.1088615
477 640.6660375
477.5 657.0132072
478 654.2013984
478.5 644.7512086
479 649.2333589
479.5 658.5778791
480 656.6669222
480.5 650.5879227
481 654.3950689
481.5 665.194114
482 663.2466078
482.5 656.1411791
483 650.6294039
483.5 642.5104298
484 636.8809301
484.5 634.357911
485 617.4498538
485.5 593.4050883
486 567.0258109
486.5 543.354519
487 550.3802926
487.5 578.844474
488 594.9614992
488.5 610.5694129
489 613.67909
489.5 619.6011387
490 625.6229174
490.5 637.3732735
491 623.5265901
491.5 606.0238178
492 604.1354708
492.5 600.8394209
493 599.5976977
493.5 602.5407642
494 624.8301959
494.5 637.19585
495 632.2111043
495.5 618.9570554
496 614.755915
496.5 628.0901395
497 632.5125655
497.5 630.5691532
498 615.1430369
498.5 592.0013612
499 595.7474462
499.5 612.3302278
500 601.4068192
500.4999999999999 586.5583858
501 575.9671025
501.4999999999999 569.2069108
502 574.8478869
502.4999999999999 585.3888469
503 591.6918224
503.4999999999999 596.3157247
504 590.8769886
504.4999999999999 581.6336108
505 591.1009436
505.4999999999999 607.4021891
506 608.2431329
506.4999999999999 603.8399954
507 596.786278
507.4999999999999 589.168028
508 589.1186314
508.4999999999999 589.5583455
509 590.6907252
509.4999999999999 588.7044016
510 591.3859625
510.4999999999999 595.3991669
511 601.2965921
511.4999999999999 607.8324459
512 597.0010545
512.5 579.4135955
513 573.7838582
513.5 572.7912991
514 573.6171656
514.5 575.1580758
515 577.9113297
515.5 581.2127376
516 559.809128
516.5 528.8392807
517 525.5526623
517.5 533.0149714
518 528.1409798
518.5 518.4700028
519 555.4825427
519.5 555.0232003
520 739.7486835
520.5 581.2818969
521 575.8074872
521.5 578.8495038
522 579.3312636
522.5 581.5822701
523 565.9434149
523.5 582.7875916
524 610.7022399
524.5 591.3542137
525 599.0540131
525.5 589.4222103
526 599.0473225
526.5 533.1529087
527 532.1463657
527.5 559.1528031
528 576.2552732
528.5 572.9103771
529 577.2511925
529.5 583.3551605
530 598.0592808
530.5 587.5949937
531 593.9296244
531.5 604.607086
532 575.8153193
532.5 554.0088306
533 577.5780719
533.5 574.8235405
534 574.9022901
534.5 568.167386
535 580.0570615
535.5 596.3214389
536 587.5537613
536.5 572.265486
537 568.696081
537.5 570.1165597
538 572.5096943
538.5 575.2668655
539 569.5881841
539.5 560.2726229
540 551.7630817
540.5 543.5913522
541 550.9962138
541.5 565.2226082
542 564.4122772
542.5 557.1860393
543 559.7941623
543.5 566.7302478
544 569.0042585
544.5 570.554211
545 574.0275055
545.5 578.4806272
546 578.785053
546.5 577.5431496
547 574.1516998
547.5 569.8173283
548 572.2401258
548.5 577.7412799
549 583.3923207
549.5 586.7103482
550 583.528303
550.5 579.0611142
551 575.9755302
551.5 575.7334314
552 572.4121232
552.5 567.7957884
553 568.5999764
553.5 571.6751396
554 573.7132574
554.5 620.0552131
555 582.2872776
555.5 577.0891554
556 570.6656305
556.5 601.5574766
557 572.7228382
557.5 564.3822512
558 7686.06473
558.5 563.5364547
559 587.3536618
559.5 555.8643889
560 574.3530963
560.5 611.1766943
561 564.3843887
561.5 562.2155881
562 575.5197646
562.5 611.5901825
563 569.4564545
563.5 571.0324467
564 580.3612801
564.5 591.7375214
565 565.6121191
565.5 558.854402
566 559.4590178
566.5 573.7452008
567 578.8434263
567.5 577.1033133
568 573.0495212
568.5 563.4276294
569 564.5161404
569.5 571.03513
570 571.3246091
570.5 554.5362007
571 555.6451013
571.5 562.3641987
572 570.2081583
572.5 579.0082221
573 580.4463486
573.5 578.898864
574 577.6818522
574.5 576.7566312
575 573.9111199
575.5 569.1461332
576 569.0249787
576.5 570.9626491
577 572.5390756
577.5 573.9452275
578 568.4253664
578.5 559.6003317
579 560.8320355
579.5 566.9027907
580 570.1430813
580.5 572.0426992
581 574.332673
581.5 576.7441841
582 579.543499
582.5 582.4703497
583 582.2944816
583.5 580.6387654
584 580.5707587
584.5 581.1915509
585 575.0368363
585.5 565.5941711
586 566.6205186
586.5 617.0172557
587 712.2548239
587.5 603.9082224
588 570.0691941
588.5 557.139873
589 1686.310543
589.5 573.0424991
590 1124.505855
590.5 573.9092378
591 599.4987822
591.5 676.6064566
592 562.8181416
592.5 617.7813005
593 567.0093519
593.5 711.3420167
594 562.6673419
594.5 557.1933668
595 603.4629168
595.5 725.2764447
596 561.5242153
596.5 565.2846869
597 596.5068941
597.5 560.2853575
598 627.5588428
598.5 554.4137822
599 554.5690373
599.5 556.6863192
600 575.4105746
600.5 589.6908573
601 550.731279
601.5 551.2763092
602 548.9050626
602.5 545.0357998
603 564.0707568
603.5 575.9005365
604 560.2015561
604.5 558.9731625
605 557.5636491
605.5 556.1069156
606 555.3713664
606.5 555.0563027
607 565.295955
607.5 554.8667105
608 553.7477076
608.5 551.845111
609 551.2521717
609.5 551.3726885
610 555.6753999
610.5 549.7464148
611 544.6215207
611.5 549.9495033
612 548.32878
612.5 543.1500028
613 539.5069629
613.5 536.6544574
614 581.018431
614.5 577.7927385
615 542.9611956
615.5 553.7001761
616 548.4988253
616.5 521.0185265
617 606.0668713
617.5 536.6305239
618 569.196486
618.5 558.0993341
619 543.0054584
619.5 562.0941376
620 541.8616496
620.5 614.7103405
621 542.18178
621.5 561.981705
622 536.0836191
622.5 618.9914989
623 535.3933811
623.5 676.8574009
624 757.7642515
624.5 638.5938952
625 543.30013
625.5 518.3621793
626 806.4348091
626.5 650.6590104
627 557.0368914
627.5 532.3389301
628 546.8138538
628.5 524.0268494
629 747.9180227
629.5 520.6374078
630 5805.147544
630.5 541.4853823
631 824.2190309
631.5 515.6000819
632 516.5779997
632.5 603.0133529
633 845.928391
633.5 519.6461028
634 520.1851378
634.5 525.4177009
635 579.3029541
635.5 521.0391911
636 671.7999439
636.5 2258.027762
637 520.8512797
637.5 520.6621391
638 560.0238673
638.5 520.3899417
639 595.9296218
639.5 518.678286
640 516.3301252
640.5 513.9782875
641 511.5476456
641.5 543.3388801
642 549.2568746
642.5 511.9141878
643 514.8796431
643.5 512.9612078
644 513.5218436
644.5 513.9291056
645 514.3959749
645.5 524.2810434
646 532.2932042
646.5 594.6575204
647 667.4026664
647.5 627.2971345
648 544.1857022
648.5 499.7685088
649 497.7313852
649.5 502.5532168
650 875.4871933
650.5 633.7693153
651 508.3530841
651.5 538.3181987
652 506.5099083
652.5 580.2789551
653 508.0641582
653.5 779.0458746
654 504.183152
654.5 605.0270019
655 498.9103046
655.5 793.2072561
656 478.4795174
656.5 531.2015198
657 541.6435249
657.5 458.9663807
658 758.4710334
658.5 498.5540072
659 491.3898842
659.5 496.363872
660 550.4317046
660.5 620.8240152
661 500.80168
661.5 500.5968622
662 501.4505087
662.5 498.6298297
663 526.3498767
663.5 549.8031805
664 497.8239221
664.5 498.1063009
665 498.4880475
665.5 500.658633
666 495.2464151
666.5 517.6026004
667 512.6454325
667.5 490.7067286
668 491.0202
668.5 491.3059691
669 491.6148621
669.5 490.2451282
670 501.1690754
670.5 499.0576574
671 485.7716631
671.5 487.2763014
672 485.1951977
672.5 489.7217329
673 485.0477153
673.5 481.5142411
674 493.84462
674.5 493.5712761
675 480.6429568
675.5 477.7206868
676 477.4160808
676.5 477.1160315
677 477.827292
677.5 476.2021656
678 475.4005683
678.5 482.2109076
679 484.8077817
679.5 473.1335005
680 472.5680785
680.5 474.8228764
681 471.4617939
681.5 470.6278224
682 473.848696
682.5 468.6246419
683 1011.261614
683.5 898.7665059
684 500.4765906
684.5 563.1655848
685 468.499596
685.5 473.2341009
686 461.5935187
686.5 1313.143607
687 354.4857156
687.5 429.8254634
688 404.9122052
688.5 549.2421804
689 567.1101814
689.5 439.4054836
690 401.8152643
690.5 612.627692
691 433.4167344
691.5 663.3326569
692 440.4077804
692.5 903.3955865
693 459.8449074
693.5 449.1755221
694 658.1643178
694.5 462.1426863
695 1009.163048
695.5 473.7508113
696 468.9930681
696.5 461.2775964
697 607.6696549
697.5 454.4379987
698 756.3552309
698.5 456.2916929
699 460.0369142
699.5 452.8597499
700 466.3294606
700.5 534.8341826
701 438.8609743
701.5 582.8854765
702 436.3780799
702.5 437.168933
703 443.3388559
703.5 439.8854322
704 439.1971391
704.5 502.9930746
705 569.992871
705.5 486.7321759
706 455.9729183
706.5 473.1836296
707 484.135494
707.5 479.6911664
708 459.9586558
708.5 487.0963253
709 511.7328164
709.5 451.4745388
710 445.0026721
710.5 446.8652598
711 446.0796694
711.5 444.1888539
712 442.8150167
712.5 440.9719931
713 476.4272155
713.5 475.7060459
714 435.7787787
714.5 498.1573721
715 477.8715134
715.5 441.9991044
716 456.5020415
716.5 465.9446178
717 462.8032052
717.5 439.3287804
718 457.7374986
718.5 450.4247389
719 416.4387585
719.5 409.2577405
720 424.5711267
720.5 422.3107128
721 424.1092063
721.5 427.9537444
722 427.1776711
722.5 455.0194037
723 456.4348369
723.5 454.0107181
724 1458.24407
724.5 1825.218596
725 632.2804353
725.5 718.8459972
726 507.4180559
726.5 447.7969956
727 502.5299549
727.5 670.5693719
728 2077.318446
728.5 1168.239882
729 489.2615784
729.5 470.3010341
730 632.5741317
730.5 830.0506825
731 461.3284416
731.5 494.221455
732 1845.961998
732.5 429.9150433
733 1008.428463
733.5 459.6799475
734 430.4957201
734.5 2169.345747
735 455.2667993
735.5 489.2542886
736 992.0840153
736.5 460.6231614
737 1928.242326
737.5 473.9431657
738 443.5378113
738.5 443.870636
739 454.8392058
739.5 824.5937548
740 427.4777606
740.5 1230.11015
741 420.9385703
741.5 467.0542454
742 449.5161469
742.5 451.3610677
743 958.0769307
743.5 428.189598
744 875.3923058
744.5 435.9835666
745 430.8418597
745.5 433.6170986
746 444.5377384
746.5 538.2304267
747 579.894686
747.5 919.5013959
748 763.9688298
748.5 767.8780873
749 452.1713686
749.5 550.0274181
750 440.3120723
750.5 431.2215651
751 426.3743565
751.5 426.3216722
752 522.7369033
752.5 1582.821407
753 451.7039
753.5 830.2812682
754 487.392363
754.5 467.0673579
755 439.8866706
755.5 447.8449462
756 661.554536
756.5 440.6462559
757 491.0197111
757.5 1240.676756
758 425.5068584
758.5 425.2272908
759 690.5367625
759.5 339.9580062
760 484.938767
760.5 126.9297578
761 146.0335888
761.5 223.6755017
762 594.2260323
762.5 308.5367762
763 632.7848956
763.5 246.4401523
764 274.6945575
764.5 293.3381035
765 310.2101699
765.5 467.4395351
766 372.2441064
766.5 633.9976269
767 389.300257
767.5 396.6672052
768 394.8438138
768.5 496.0166146
769 517.9098563
769.5 569.8189647
770 620.381014
