micron	SkyTrans	telandmag	col		cam		ccd		0th		1st		2nd
0.34	0.561554471	0.639018	0.628523	0.447966	0.519481622	0.080999349	0.416095953	0.33875124
0.3405	0.562321984	0.641421	0.636632	0.45709	0.521298212	0.08019149	0.418769349	0.337830776
0.341	0.566543779	0.641421	0.644819	0.467063	0.523114801	0.079236904	0.421624372	0.336745469
0.3415	0.569607277	0.646243	0.653086	0.477218	0.525039137	0.078289938	0.42449861	0.335292657
0.342	0.571716546	0.648663	0.661433	0.475827	0.527050213	0.077500058	0.427223238	0.333429099
0.3425	0.573681395	0.651089	0.66986	0.49809	0.52906129	0.076949294	0.429696496	0.331287208
0.343	0.575016616	0.65352	0.678369	0.508811	0.531072367	0.076619962	0.431923916	0.329114629
0.3435	0.576372478	0.655957	0.68696	0.508811	0.532720262	0.076405162	0.434011591	0.327165518
0.344	0.576068451	0.658399	0.695633	0.530842	0.534190891	0.076155321	0.436121131	0.325593383
0.3445	0.57869947	0.660847	0.704388	0.542157	0.53566152	0.075739787	0.438405755	0.324391149
0.345	0.582013868	0.663301	0.713227	0.553675	0.537132148	0.075098428	0.44094945	0.32339963
0.3455	0.584399032	0.665761	0.72215	0.565401	0.538602777	0.074263729	0.443731369	0.322376468
0.346	0.586539103	0.668226	0.731157	0.577336	0.540073406	0.073345789	0.446632389	0.321095912
0.3465	0.588723755	0.670698	0.740249	0.589482	0.542132989	0.072486829	0.449484408	0.319439957
0.347	0.59041261	0.673175	0.749427	0.601851	0.544296506	0.071803806	0.452141128	0.317444605
0.3475	0.591586287	0.675657	0.758691	0.614437	0.546460022	0.071342685	0.454537374	0.315282142
0.348	0.593759486	0.678146	0.768042	0.627246	0.548545638	0.07106256	0.456711824	0.313187495
0.3485	0.59577722	0.68064	0.77748	0.640306	0.550491554	0.070854527	0.458788174	0.311361626
0.349	0.597601243	0.68064	0.787006	0.65353	0.55243747	0.070585841	0.460926513	0.309893314
0.3495	0.599272408	0.68064	0.79662	0.667048	0.554383386	0.070151143	0.46326341	0.308729176
0.35	0.600932593	0.688158	0.806323	0.667048	0.556329302	0.069511462	0.465860129	0.307699541
0.3505	0.60262556	0.688783	0.808667	0.684328	0.558275219	0.06870725	0.468677456	0.306586796
0.351	0.604287699	0.689407	0.811017	0.687887	0.560042341	0.067841356	0.471589303	0.305209502
0.3515	0.60533028	0.690032	0.813371	0.691475	0.561794338	0.067038797	0.474432327	0.303491154
0.352	0.607001308	0.690657	0.815731	0.695054	0.563546335	0.066399018	0.477071034	0.301487605
0.3525	0.60894603	0.691283	0.818096	0.698501	0.565298332	0.065959249	0.479449737	0.299362411
0.353	0.610752954	0.691908	0.820467	0.702286	0.567050329	0.065682682	0.481610631	0.297320713
0.3535	0.612470948	0.692534	0.822842	0.705963	0.568802326	0.065474613	0.483674683	0.295529818
0.354	0.614095137	0.693161	0.825223	0.709584	0.570554323	0.06521887	0.485796339	0.29405841
0.3545	0.615658585	0.693787	0.827609	0.713258	0.572441167	0.064820278	0.488108639	0.292855726
0.355	0.61719844	0.694414	0.83	0.716949	0.575035964	0.064238083	0.490675699	0.291774804
0.3555	0.6186943	0.695041	0.832396	0.720656	0.57763076	0.063499154	0.493468195	0.290628551
0.356	0.62020385	0.695668	0.834798	0.724381	0.580225557	0.062686864	0.496372521	0.289257972
0.3565	0.621655186	0.696296	0.837205	0.728123	0.582681775	0.06190998	0.499232701	0.287588869
0.357	0.622968728	0.696296	0.839617	0.731882	0.584778089	0.061263097	0.501909279	0.285656966
0.3575	0.624393272	0.697552	0.842034	0.735658	0.586874403	0.060793321	0.50433069	0.283592195
0.358	0.625786036	0.698181	0.844457	0.739452	0.588970717	0.060485202	0.506516861	0.281568624
0.3585	0.627146334	0.698809	0.846885	0.743263	0.591067031	0.06026838	0.50856876	0.279740309
0.359	0.628458784	0.698809	0.849318	0.743261	0.593291616	0.060043804	0.510631417	0.278187822
0.3595	0.62972373	0.700068	0.851757	0.750937	0.595940821	0.059718448	0.512844587	0.27689373
0.36	0.631093643	0.700697	0.854201	0.754801	0.598590027	0.05923661	0.515296013	0.275752865
0.3605	0.632565775	0.701347	0.855351	0.757019	0.601239233	0.058597775	0.517991008	0.274611217
0.361	0.634139179	0.701998	0.856503	0.746986	0.603888438	0.057855545	0.52084914	0.273319321
0.3615	0.635901639	0.702649	0.857656	0.761474	0.606445096	0.057098282	0.523731392	0.271782688
0.362	0.637778637	0.703301	0.85881	0.763708	0.608933069	0.056418283	0.526489444	0.269992798
0.3625	0.639651048	0.703954	0.859965	0.765944	0.611861784	0.055880411	0.529018285	0.268028062
0.363	0.641445747	0.704606	0.861122	0.76819	0.616141392	0.055501173	0.531291582	0.266024544
0.3635	0.643134671	0.704606	0.862279	0.772849	0.619817887	0.05524498	0.53336779	0.264127691
0.364	0.644747786	0.705914	0.863438	0.770116	0.622113566	0.055037772	0.535367907	0.262443192
0.3645	0.646261679	0.706568	0.864598	0.774959	0.624409246	0.054792373	0.537435032	0.261004
0.365	0.647781436	0.707223	0.865759	0.777227	0.626704926	0.054436869	0.539688951	0.259762992
0.3655	0.649317132	0.707878	0.866757	0.778697	0.629000606	0.053937154	0.542188254	0.258611325
0.366	0.650797167	0.708534	0.867755	0.780169	0.631443327	0.053306936	0.544910727	0.257415023
0.3665	0.652232149	0.709191	0.868754	0.781644	0.634308934	0.052602315	0.547759275	0.256058088
0.367	0.653677694	0.709847	0.869754	0.783122	0.637174542	0.051902819	0.550593367	0.254479091
0.3675	0.655091953	0.710505	0.870755	0.784603	0.640040149	0.051285245	0.553276156	0.252689863
0.368	0.656496729	0.711163	0.871757	0.786086	0.642905757	0.050799133	0.555720076	0.250770109
0.3685	0.657894446	0.711821	0.872759	0.787572	0.645639039	0.050451967	0.557914217	0.248839866
0.369	0.659285134	0.71248	0.873763	0.789061	0.648284105	0.050208426	0.559925125	0.247019765
0.3695	0.660668821	0.71314	0.874767	0.790553	0.65092917	0.05000294	0.56187347	0.245393054
0.37	0.662045538	0.7138	0.875773	0.791022	0.653574235	0.049760798	0.56389617	0.243981474
0.3705	0.663415312	0.713836	0.87608	0.791642	0.656219301	0.049421035	0.5661055	0.242741234
0.371	0.664778173	0.713872	0.876388	0.792261	0.658897275	0.048954441	0.568555714	0.241578563
0.3715	0.666134152	0.713907	0.876696	0.79288	0.661601742	0.048371663	0.571226008	0.240379178
0.372	0.667483276	0.713943	0.877004	0.7935	0.664662192	0.04771914	0.574025701	0.239042907
0.3725	0.668825576	0.713979	0.877312	0.794119	0.6689418	0.0470642	0.576821737	0.237513606
0.373	0.670161081	0.714015	0.87762	0.794739	0.672876956	0.046474031	0.579480616	0.235795533
0.3735	0.671485114	0.714051	0.877928	0.795358	0.6759437	0.045995295	0.581910464	0.233950984
0.374	0.672790813	0.714087	0.878236	0.795978	0.679010445	0.045640805	0.584088577	0.232079976
0.3745	0.674097192	0.714123	0.878545	0.796598	0.68207719	0.045387025	0.586066038	0.230288955
0.375	0.675390126	0.714123	0.878853	0.797217	0.685138034	0.045182399	0.587950128	0.22865888
0.3755	0.676656428	0.714123	0.879162	0.797837	0.687783297	0.04496328	0.589871989	0.22722245
0.376	0.677899	0.71423	0.87947	0.798457	0.690428561	0.044672512	0.591949397	0.22595641
0.3765	0.679116695	0.714266	0.879779	0.799077	0.693073824	0.044275515	0.594253932	0.224789964
0.377	0.680291686	0.714302	0.880087	0.799697	0.695719088	0.043769601	0.596790419	0.223626075
0.3775	0.68141942	0.714338	0.880396	0.800317	0.698364352	0.043184092	0.599494539	0.222369494
0.378	0.682509261	0.714373	0.880705	0.800937	0.70127507	0.042571233	0.602250637	0.220953906
0.3785	0.68357796	0.714409	0.881014	0.801557	0.704194563	0.041990595	0.604925646	0.219360611
0.379	0.684661583	0.714445	0.881323	0.802178	0.707114056	0.041491729	0.607408729	0.217623299
0.3795	0.685781816	0.714481	0.881632	0.802798	0.71003355	0.041100332	0.609643595	0.21581746
0.38	0.686946128	0.714517	0.881941	0.803418	0.712869254	0.040811891	0.611643297	0.214037816
0.3805	0.688229737	0.714517	0.882253	0.804126	0.715518459	0.040594171	0.61348432	0.212370895
0.381	0.689588631	0.714911	0.882565	0.804833	0.718167665	0.040397153	0.615283661	0.210870989
0.3815	0.690988936	0.715108	0.882878	0.805542	0.720816871	0.040167224	0.617166608	0.209546089
0.382	0.692411245	0.715305	0.88319	0.80625	0.723466076	0.039861681	0.619233583	0.208357016
0.3825	0.6937979	0.715502	0.883503	0.806959	0.726502954	0.039459902	0.621533623	0.207229209
0.383	0.695152946	0.715699	0.883815	0.807669	0.729746748	0.038968421	0.624050738	0.206073593
0.3835	0.696459878	0.715896	0.884128	0.808379	0.732990541	0.038418624	0.626707315	0.2048109
0.384	0.697736399	0.716094	0.884441	0.80909	0.736234335	0.037857706	0.629384814	0.203393091
0.3845	0.698975124	0.716291	0.884754	0.809801	0.739154104	0.037335422	0.631956671	0.201816152
0.385	0.700191037	0.716488	0.885067	0.810512	0.741549665	0.036890486	0.634323679	0.200120713
0.3855	0.701393981	0.716686	0.88538	0.811224	0.743945226	0.036540507	0.636440941	0.198380321
0.386	0.702581594	0.716883	0.885693	0.811937	0.746340787	0.036278135	0.638328661	0.196680837
0.3865	0.703758927	0.717081	0.886006	0.81265	0.748736348	0.036074028	0.640064904	0.195096975
0.387	0.704916127	0.717278	0.88632	0.813363	0.751053678	0.035885312	0.641763893	0.1936726
0.3875	0.706067383	0.717476	0.886633	0.814077	0.753216408	0.035666998	0.643546432	0.192409902
0.388	0.707212723	0.717476	0.886947	0.814792	0.755379139	0.035383422	0.64550969	0.191269855
0.3885	0.708352177	0.717476	0.88726	0.815506	0.75754187	0.035017007	0.647702935	0.190183249
0.389	0.709485772	0.718069	0.887574	0.816222	0.759704601	0.034572343	0.650114696	0.189069126
0.3895	0.710613538	0.718267	0.887888	0.816938	0.761940546	0.034074596	0.652674956	0.187855811
0.39	0.711735504	0.718464	0.888201	0.817654	0.764211263	0.033562645	0.655272674	0.186499305
0.3905	0.712856094	0.718535	0.888245	0.817766	0.76648198	0.033078748	0.657784653	0.184994415
0.391	0.713978426	0.718605	0.888288	0.817877	0.768752697	0.032657582	0.660107859	0.18337575
0.3915	0.715096282	0.718676	0.888331	0.817989	0.771016927	0.032317643	0.662185945	0.181708317
0.392	0.716197715	0.718746	0.888375	0.818101	0.772963255	0.032057217	0.664022722	0.180070245
0.3925	0.71729115	0.718817	0.888418	0.818212	0.774909584	0.031855652	0.665679725	0.178532395
0.393	0.718378954	0.718887	0.888462	0.818324	0.776855913	0.031679196	0.667259721	0.177140359
0.3935	0.719461155	0.718887	0.888505	0.818436	0.778802242	0.031489624	0.668881183	0.175903477
0.394	0.720537781	0.719028	0.888548	0.818547	0.780729359	0.031253495	0.670649981	0.174793361
0.3945	0.72160886	0.719098	0.888592	0.818658	0.782622615	0.030949958	0.672634417	0.173751823
0.395	0.722674419	0.719169	0.888635	0.81877	0.784515871	0.030575447	0.674848886	0.172705823
0.3955	0.723734487	0.719239	0.888678	0.818881	0.786409127	0.030144204	0.677249985	0.171585625
0.396	0.724789091	0.71931	0.888722	0.818993	0.788302383	0.029684527	0.679746493	0.170341818
0.3965	0.72583568	0.71938	0.888765	0.819104	0.790080328	0.029231606	0.682221372	0.168957213
0.397	0.726873916	0.719451	0.888808	0.819215	0.791810255	0.028818799	0.684560479	0.167450788
0.3975	0.72790691	0.719521	0.888851	0.819326	0.793540182	0.028469603	0.686680503	0.165872703
0.398	0.728951698	0.719592	0.888895	0.819437	0.795270109	0.028192372	0.688548774	0.164291586
0.3985	0.729973981	0.719662	0.888938	0.819549	0.797000683	0.027978962	0.690190151	0.162777352
0.399	0.730998656	0.719733	0.888981	0.81966	0.798744083	0.027807326	0.691679997	0.161384009
0.3995	0.732013615	0.719803	0.889025	0.819771	0.800487483	0.027647133	0.693125791	0.160136848
0.4	0.733006159	0.719874	0.889068	0.819882	0.802230883	0.027466928	0.694642208	0.159027061
0.4005	0.734062059	0.719874	0.889069	0.819994	0.803974283	0.027241202	0.696325266	0.158014711
0.401	0.7351231	0.719874	0.88907	0.820106	0.805717683	0.026955932	0.698230913	0.157038898
0.4015	0.736187517	0.719874	0.889072	0.820217	0.807461082	0.026611495	0.700362424	0.15603243
0.402	0.737226267	0.719874	0.889073	0.820329	0.808774824	0.026222327	0.702669411	0.154937514
0.4025	0.738269965	0.719874	0.889074	0.820441	0.810004279	0.025813399	0.705058971	0.153719012
0.403	0.739308564	0.719874	0.889075	0.820553	0.811233734	0.025414282	0.707416789	0.152372348
0.4035	0.740342088	0.719874	0.889076	0.820665	0.812463189	0.02505226	0.709633388	0.150924305
0.404	0.741370563	0.719874	0.889078	0.820776	0.813692644	0.024746153	0.711629229	0.149426467
0.4045	0.742394005	0.719874	0.889079	0.820888	0.814922098	0.024502366	0.713372545	0.147942824
0.405	0.743412452	0.719874	0.88908	0.820999	0.816151553	0.024313954	0.714885817	0.146534577
0.4055	0.744425623	0.719874	0.889081	0.821047	0.817383869	0.024162715	0.716239852	0.145245915
0.406	0.745431218	0.719874	0.889082	0.821095	0.818619517	0.024023583	0.717537423	0.144094221
0.4065	0.746431807	0.719874	0.889083	0.821143	0.819855165	0.023870219	0.718890591	0.143066835
0.407	0.74745679	0.719874	0.889085	0.821191	0.821090812	0.023680601	0.720396687	0.142124762
0.4075	0.748445964	0.719874	0.889086	0.821239	0.82232646	0.023441529	0.722117833	0.141212072
0.408	0.749427964	0.719874	0.889087	0.821287	0.823562108	0.023151223	0.724067946	0.140268647
0.4085	0.750406585	0.719874	0.889088	0.821335	0.824797755	0.022819509	0.726209776	0.139243444
0.409	0.751380865	0.719874	0.889089	0.821383	0.826033403	0.022465529	0.728462703	0.138105519
0.4095	0.752351375	0.719874	0.88909	0.821431	0.827229609	0.022113457	0.730719843	0.136850548
0.41	0.753317598	0.719874	0.889092	0.821478	0.828338024	0.021787165	0.73287098	0.135501474
0.4105	0.754280254	0.719874	0.889093	0.821526	0.82944644	0.021505078	0.734826297	0.134103125
0.411	0.755238948	0.719874	0.889094	0.821574	0.830554856	0.021276392	0.736535549	0.132711969
0.4115	0.756196045	0.719874	0.889095	0.821621	0.831663271	0.021099475	0.737998388	0.131383391
0.412	0.757149169	0.719874	0.889096	0.821669	0.832771687	0.020962643	0.739263737	0.130159488
0.4125	0.758098334	0.719874	0.889097	0.821717	0.833880103	0.020846969	0.74041879	0.129060196
0.413	0.75904249	0.719874	0.889098	0.821764	0.834988518	0.020730395	0.741570435	0.128079623
0.4135	0.759979317	0.719874	0.889099	0.821812	0.836096934	0.020592224	0.742823271	0.127188102
0.414	0.760906492	0.719874	0.8891	0.821859	0.83720535	0.020417182	0.744258663	0.12633916
0.4145	0.761804841	0.719874	0.889102	0.821907	0.838085798	0.020198302	0.745918765	0.125479689
0.415	0.762741672	0.719874	0.889103	0.821954	0.838964871	0.019938155	0.747798373	0.124561103
0.4155	0.763629062	0.719874	0.889104	0.822002	0.839843943	0.019648193	0.749846052	0.123549267
0.416	0.7645368	0.719874	0.889105	0.822049	0.840723015	0.019346309	0.751974375	0.122431285
0.4165	0.765441041	0.719874	0.889106	0.822097	0.841602088	0.019053096	0.754077397	0.121217851
0.417	0.766341398	0.719874	0.889107	0.822144	0.84248116	0.018787602	0.756051973	0.119940694
0.4175	0.767239405	0.719874	0.889108	0.822192	0.843360233	0.018563499	0.75781857	0.118645648
0.418	0.768133522	0.719874	0.889109	0.822239	0.844239305	0.018386482	0.75933716	0.117382833
0.4185	0.769025288	0.719874	0.88911	0.822286	0.845118378	0.018253419	0.760614861	0.116196122
0.419	0.769912322	0.719874	0.889111	0.822333	0.84599745	0.018153304	0.761703884	0.115114207
0.4195	0.770797009	0.719874	0.889112	0.822381	0.846876523	0.018069694	0.762690557	0.114145153
0.42	0.771676504	0.719874	0.889113	0.822428	0.847755595	0.017984042	0.763678021	0.113275415
0.4205	0.77254964	0.719874	0.889155	0.822482	0.84866843	0.01787925	0.76476624	0.11247325
0.421	0.773417549	0.719874	0.889197	0.822536	0.849582599	0.017742808	0.766033188	0.11169558
0.4215	0.774276894	0.719874	0.889238	0.82259	0.850496767	0.017569019	0.767520519	0.110896755
0.422	0.775130797	0.719874	0.88928	0.822644	0.851410936	0.017359936	0.769226125	0.11003749
0.4225	0.775976034	0.719874	0.889322	0.822697	0.852325105	0.017124867	0.771104748	0.109092324
0.423	0.776815922	0.719874	0.889363	0.822751	0.853239273	0.016878522	0.773076511	0.108054275
0.4235	0.777648088	0.719874	0.889405	0.822805	0.854153442	0.016638135	0.775041899	0.106935879
0.424	0.77847563	0.719874	0.889447	0.822858	0.855067611	0.016420125	0.776900503	0.105766427
0.4245	0.779298994	0.719874	0.889488	0.822912	0.85592928	0.016236966	0.778569986	0.104585949
0.425	0.780119203	0.719874	0.88953	0.822965	0.856719042	0.01609491	0.78000155	0.103437162
0.4255	0.78094086	0.719874	0.889572	0.823018	0.857508805	0.015992995	0.781188836	0.102357056
0.426	0.781760932	0.719874	0.889613	0.823071	0.858298567	0.015923467	0.782168589	0.101369853
0.4265	0.782585662	0.719874	0.889655	0.823124	0.85908833	0.015873452	0.783013189	0.100482726
0.427	0.783408755	0.719874	0.889697	0.823177	0.859878093	0.01582747	0.783816803	0.099684988
0.4275	0.784233124	0.719874	0.889738	0.82323	0.860667855	0.015770275	0.784678017	0.09895071
0.428	0.785054087	0.719874	0.88978	0.823283	0.861457618	0.015689539	0.785682197	0.09824404
0.4285	0.785869781	0.719874	0.889821	0.823335	0.86224738	0.015577933	0.786886641	0.097526104
0.429	0.786680551	0.719874	0.889863	0.823388	0.862989631	0.015434317	0.788310896	0.096762172
0.4295	0.787483705	0.719874	0.889905	0.823441	0.863683217	0.015263843	0.789933675	0.095927857
0.43	0.788281229	0.719874	0.889946	0.823493	0.864376803	0.015076981	0.791696796	0.095013307
0.4305	0.789068652	0.719874	0.889988	0.823545	0.865070388	0.014887594	0.793515481	0.09402472
0.431	0.789849678	0.719874	0.890029	0.823598	0.865763974	0.014710418	0.795293298	0.092982923
0.4315	0.790613151	0.719874	0.890071	0.82365	0.86645756	0.014558399	0.796939194	0.091919289
0.432	0.791357575	0.719874	0.890113	0.823702	0.867151145	0.014440391	0.79838355	0.090869773
0.4325	0.792109289	0.719874	0.890154	0.823754	0.867844731	0.014359657	0.799590311	0.089868226
0.433	0.792868938	0.719874	0.890196	0.823806	0.868538316	0.014313438	0.800562974	0.088940269
0.4335	0.793633619	0.719874	0.890237	0.823858	0.869231902	0.014293615	0.80134344	0.088098898
0.434	0.794397001	0.719874	0.890279	0.823909	0.869925488	0.014288292	0.802004176	0.087342554
0.4345	0.795161375	0.719874	0.890321	0.823961	0.87059875	0.014283943	0.802635318	0.08665588
0.435	0.795922704	0.719874	0.890362	0.824013	0.871206946	0.014267737	0.80332917	0.086012862
0.4355	0.796678852	0.719874	0.890404	0.824064	0.871815141	0.014229648	0.804164776	0.085381682
0.436	0.797430151	0.719874	0.890445	0.824116	0.872423336	0.014164045	0.805195059	0.084730348
0.4365	0.79817213	0.719874	0.890513	0.824136	0.873031531	0.014070533	0.80643846	0.08403216
0.437	0.798907748	0.719874	0.890581	0.824157	0.873639726	0.013953955	0.80787626	0.083270113
0.4375	0.799629529	0.719874	0.890649	0.824178	0.874247921	0.01382354	0.809455915	0.082439578
0.438	0.800344212	0.719874	0.890717	0.824198	0.874856116	0.013691336	0.811099855	0.081548836
0.4385	0.80104558	0.719874	0.890785	0.824218	0.875464312	0.013570168	0.812718339	0.080617416
0.439	0.801740571	0.719874	0.890853	0.824239	0.876072507	0.013471472	0.814224279	0.079672528
0.4395	0.802421262	0.719874	0.89092	0.824259	0.876680702	0.013403368	0.815547551	0.078744248
0.44	0.803069927	0.719874	0.890988	0.824279	0.877288897	0.013369345	0.816646372	0.077860313
0.4405	0.80374536	0.719892	0.890989	0.824405	0.877897092	0.013367761	0.817513828	0.077041468
0.441	0.804420706	0.71991	0.89099	0.824531	0.878401194	0.013392235	0.818178552	0.076298148
0.4415	0.805077274	0.719928	0.890991	0.824657	0.878881824	0.013432824	0.818699584	0.075629033
0.442	0.805732868	0.719946	0.890992	0.824783	0.879362453	0.013477732	0.819156471	0.075021622
0.4425	0.80633097	0.719964	0.890993	0.824909	0.879843083	0.013515241	0.819636344	0.074454631
0.443	0.807001062	0.719982	0.890994	0.825035	0.880323713	0.013535557	0.82022014	0.073901726
0.4435	0.807764641	0.72	0.890994	0.825161	0.880804343	0.013532281	0.820970114	0.073335921
0.444	0.808419949	0.720018	0.890995	0.825288	0.881284973	0.01350334	0.821920462	0.072733919
0.4445	0.809094973	0.720036	0.890996	0.825414	0.881765602	0.013451242	0.823072394	0.072079737
0.445	0.809750031	0.720054	0.890997	0.82554	0.882246232	0.013382653	0.824394282	0.071367078
0.4455	0.810432139	0.720072	0.890998	0.825667	0.882726862	0.013307344	0.825826804	0.070600125
0.446	0.811115393	0.72009	0.890999	0.825793	0.883176813	0.013236655	0.827292265	0.069792662
0.4465	0.811794664	0.720108	0.891	0.82592	0.883566137	0.013181713	0.828706649	0.068965689
0.447	0.812493719	0.720126	0.891	0.826046	0.883955461	0.013151675	0.829992521	0.068143928
0.4475	0.813186943	0.720144	0.891001	0.826173	0.884344785	0.013152283	0.831090788	0.067351808
0.448	0.813884827	0.720162	0.891002	0.826299	0.884734109	0.013184992	0.831969494	0.066609584
0.4485	0.814573216	0.72018	0.891003	0.826426	0.885123433	0.013246798	0.83262835	0.065930215
0.449	0.815248166	0.720198	0.891004	0.826553	0.885512757	0.013330789	0.83309838	0.065317499
0.4495	0.815913334	0.720216	0.891005	0.826679	0.885902081	0.013427294	0.833436862	0.064765714
0.45	0.816567554	0.720234	0.891005	0.826806	0.886291405	0.013525422	0.833718444	0.064260766
0.4505	0.817219056	0.720252	0.891006	0.826933	0.886680729	0.013614724	0.834023881	0.0637826
0.451	0.817870998	0.72027	0.891007	0.82706	0.887088532	0.013686725	0.834428098	0.06330843
0.4515	0.818520643	0.720288	0.891008	0.827187	0.887507097	0.013736118	0.834989351	0.062816269
0.452	0.819182181	0.720306	0.891009	0.827314	0.887925661	0.013761484	0.835740997	0.062288208
0.4525	0.819826925	0.720324	0.891009	0.827441	0.888344225	0.013765442	0.836686987	0.061712993
0.453	0.82047046	0.720343	0.89101	0.827568	0.888762789	0.013754254	0.837801662	0.061087554
0.4535	0.821107576	0.720361	0.891011	0.827695	0.889181353	0.013736909	0.839033776	0.060417286
0.454	0.821738778	0.720379	0.891012	0.827822	0.889599917	0.013723825	0.840314118	0.059715092
0.4545	0.822353272	0.720397	0.891013	0.827949	0.890018481	0.013725328	0.841565582	0.058999325
0.455	0.822958644	0.720415	0.891013	0.828077	0.890437045	0.013750135	0.842714204	0.058290958
0.4555	0.823541154	0.720433	0.891014	0.828204	0.890855609	0.013804066	0.843699588	0.0576104
0.456	0.824113202	0.720451	0.891015	0.828331	0.891274173	0.013889186	0.844483266	0.05697446
0.4565	0.824660639	0.720469	0.891016	0.828459	0.891692737	0.014003525	0.845053844	0.056393899
0.457	0.825198594	0.720487	0.891017	0.828586	0.892060553	0.014141412	0.845428286	0.055871959
0.4575	0.825733601	0.720505	0.891017	0.828714	0.892394255	0.014294352	0.845649215	0.055404047
0.458	0.826239042	0.720523	0.891018	0.828841	0.892727956	0.014452297	0.845778698	0.054978598
0.4585	0.826751867	0.720541	0.891019	0.828969	0.893061658	0.014605099	0.845889431	0.05457894
0.459	0.827261757	0.720559	0.89102	0.829096	0.893395359	0.014743932	0.846054614	0.054185832
0.4595	0.827769188	0.720577	0.89102	0.829224	0.893729061	0.014862472	0.846337926	0.053780284
0.46	0.828277413	0.720595	0.891021	0.829351	0.894062762	0.014957718	0.846784975	0.053346237
0.4605	0.82880137	0.720595	0.891043	0.829363	0.894396463	0.015030347	0.847417359	0.052872759
0.461	0.829331005	0.720595	0.891065	0.829375	0.894730165	0.015084602	0.848230084	0.052355458
0.4615	0.829886238	0.720595	0.891087	0.829387	0.895063866	0.015127705	0.849192617	0.051796968
0.462	0.830445274	0.720595	0.891109	0.829399	0.895397568	0.015168901	0.850253331	0.051206447
0.4625	0.830996485	0.720595	0.89113	0.829411	0.895731269	0.01521822	0.851346676	0.050598198
0.463	0.831588636	0.720595	0.891152	0.829423	0.89606497	0.01528512	0.852402048	0.049989585
0.4635	0.832213565	0.720595	0.891174	0.829435	0.896395974	0.015377196	0.853353116	0.04939854
0.464	0.832818072	0.720595	0.891196	0.829447	0.896536991	0.015499127	0.85414646	0.048841042
0.4645	0.833436899	0.720595	0.891218	0.829459	0.896678008	0.015652024	0.854748356	0.048328888
0.465	0.834060615	0.720595	0.89124	0.829471	0.896819025	0.015833286	0.855148924	0.047868106
0.4655	0.834628114	0.720595	0.891261	0.829482	0.896960042	0.01603697	0.855363129	0.047458214
0.466	0.835204393	0.720595	0.891283	0.829494	0.897101059	0.016254635	0.855428579	0.047092416
0.4665	0.835715968	0.720595	0.891305	0.829506	0.897242076	0.016476508	0.855400429	0.046758685
0.467	0.836209605	0.720595	0.891327	0.829518	0.897383093	0.016692801	0.855344109	0.046441561
0.4675	0.836677978	0.720595	0.891349	0.82953	0.89752411	0.016894984	0.855326791	0.046124248
0.468	0.837132834	0.720595	0.89137	0.829542	0.897665127	0.017076862	0.855408809	0.045791023
0.4685	0.837584873	0.720595	0.891392	0.829553	0.897806144	0.017235323	0.855636063	0.045429259
0.469	0.838007223	0.720595	0.891414	0.829565	0.897947162	0.01737069	0.856034403	0.045031035
0.4695	0.838414134	0.720595	0.891436	0.829577	0.898088179	0.017486646	0.856606681	0.04459407
0.47	0.838818766	0.720595	0.891458	0.829589	0.898229196	0.017589772	0.857332769	0.044121917
0.4705	0.839233358	0.720595	0.891479	0.829601	0.898370213	0.017688731	0.858172449	0.043623388
0.471	0.839611827	0.720595	0.891501	0.829612	0.89851123	0.017793211	0.859070744	0.043111318
0.4715	0.840012557	0.720595	0.891523	0.829624	0.898652247	0.017912716	0.859964918	0.042600812
0.472	0.840380489	0.720595	0.891545	0.829636	0.898793264	0.01805538	0.860792264	0.04210723
0.4725	0.840747466	0.720595	0.891567	0.829648	0.898938281	0.018226919	0.861497699	0.041644143
0.473	0.841104314	0.720595	0.891588	0.829659	0.899104618	0.018429889	0.862040294	0.041221559
0.4735	0.841425661	0.720595	0.89161	0.829671	0.899270954	0.018663345	0.862397985	0.040844645
0.474	0.84169997	0.720595	0.891632	0.829683	0.89943729	0.018922956	0.862569975	0.040513116
0.4745	0.841897593	0.720595	0.891654	0.829694	0.899603627	0.019201567	0.862576578	0.040221376
0.475	0.841968307	0.720595	0.891675	0.829706	0.899769963	0.019490119	0.862456556	0.03995935
0.4755	0.841937688	0.720595	0.891697	0.829718	0.899936299	0.0197788	0.862262308	0.039713897
0.476	0.841857782	0.720595	0.891719	0.829729	0.900102636	0.020058257	0.862053471	0.039470566
0.4765	0.841826523	0.720595	0.891741	0.829741	0.900268972	0.020320729	0.861889754	0.03921547
0.477	0.841975726	0.720595	0.891763	0.829753	0.900435308	0.020560939	0.86182384	0.038937022
0.4775	0.842369893	0.720595	0.891784	0.829764	0.900601645	0.02077668	0.86189526	0.038627329
0.478	0.842921544	0.720595	0.891806	0.829776	0.900767981	0.020969034	0.862125932	0.038283092
0.4785	0.843585133	0.720595	0.891828	0.829788	0.900934318	0.02114222	0.862517896	0.037905921
0.479	0.844321358	0.720595	0.89185	0.829799	0.901100654	0.021303096	0.863053439	0.037502042
0.4795	0.845040085	0.720595	0.891871	0.829811	0.90126699	0.021460386	0.863697525	0.037081463
0.48	0.845762977	0.720595	0.891893	0.829822	0.901430419	0.021623689	0.864402164	0.036656679
0.4805	0.8464943	0.720595	0.891915	0.829834	0.901451359	0.021802389	0.865112134	0.036241097
0.481	0.847177083	0.720595	0.891937	0.829846	0.9014723	0.022004567	0.865771359	0.035847359
0.4815	0.847855736	0.720595	0.891958	0.829857	0.901493241	0.02223605	0.866329202	0.035485776
0.482	0.848502896	0.720595	0.89198	0.829869	0.901514181	0.022499701	0.866746001	0.03516307
0.4825	0.849165946	0.720595	0.892002	0.82988	0.901535122	0.022795064	0.866997267	0.034881586
0.483	0.849780271	0.720595	0.892023	0.829892	0.901556063	0.023118398	0.867076149	0.034639065
0.4835	0.850449094	0.720595	0.892045	0.829903	0.901577003	0.023463113	0.866993946	0.034428999
0.484	0.851092167	0.720595	0.892067	0.829915	0.901597944	0.023820557	0.866778639	0.034241508
0.4845	0.851715184	0.720595	0.892089	0.829926	0.901618885	0.024181028	0.866471629	0.034064608
0.485	0.852332608	0.720595	0.89211	0.829938	0.901639825	0.024534909	0.866123039	0.033885699
0.4855	0.852900067	0.720595	0.892132	0.829949	0.901660766	0.024873749	0.865786107	0.033693092
0.486	0.853470483	0.720595	0.892154	0.829961	0.901681707	0.02519119	0.865511294	0.033477373
0.4865	0.854010764	0.720595	0.892176	0.829972	0.901695619	0.025483634	0.865340781	0.033232465
0.487	0.854496411	0.720595	0.892197	0.829984	0.901709432	0.02575059	0.865303986	0.03295627
0.4875	0.854982981	0.720595	0.892219	0.829995	0.901723245	0.025994693	0.865414572	0.032650831
0.488	0.855429985	0.720595	0.892241	0.830007	0.901737058	0.026221397	0.865669274	0.032322021
0.4885	0.85581915	0.720595	0.892262	0.830018	0.90175087	0.026438394	0.86604861	0.031978793
0.489	0.856190136	0.720595	0.892284	0.83003	0.901764683	0.02665481	0.866519319	0.031632097
0.4895	0.856550006	0.720595	0.892306	0.830041	0.901778496	0.026880255	0.867038214	0.031293586
0.49	0.856907495	0.720595	0.892328	0.830053	0.901792309	0.027123813	0.867556938	0.030974252
0.4905	0.857284031	0.720595	0.892349	0.830064	0.901806121	0.027393074	0.868027117	0.030683161
0.491	0.857673119	0.720595	0.892371	0.830075	0.901819934	0.027693304	0.868405326	0.030426424
0.4915	0.858074219	0.720595	0.892393	0.830087	0.901833747	0.02802685	0.868657418	0.030206518
0.492	0.858480264	0.720595	0.892414	0.830098	0.90184756	0.028392862	0.868761782	0.030022047
0.4925	0.858898965	0.720595	0.892436	0.83011	0.901861373	0.028787364	0.868711305	0.029867951
0.493	0.859288904	0.720595	0.892458	0.830121	0.901875185	0.029203677	0.868513846	0.02973614
0.4935	0.859672434	0.720595	0.892479	0.830132	0.901888998	0.029633151	0.868191243	0.02961647
0.494	0.860060624	0.720595	0.892501	0.830144	0.901902811	0.030066104	0.867776938	0.029497931
0.4945	0.860442603	0.720595	0.892523	0.830155	0.901916624	0.030492866	0.867312478	0.029369912
0.495	0.860814084	0.720595	0.892544	0.830166	0.901930436	0.030904796	0.866843215	0.029223382
0.4955	0.861144267	0.720595	0.892566	0.830178	0.901878028	0.031295164	0.866413679	0.029051869
0.496	0.86145813	0.720595	0.892588	0.830189	0.901802593	0.031659807	0.866063078	0.028852111
0.4965	0.861736667	0.720595	0.89261	0.830201	0.901727159	0.03199751	0.865821422	0.028624354
0.497	0.862023121	0.720595	0.892631	0.830212	0.901651725	0.03231008	0.86570666	0.028372244
0.4975	0.862277357	0.720595	0.892653	0.830223	0.90157629	0.032602142	0.865723125	0.028102368
0.498	0.86249865	0.720595	0.892675	0.830234	0.901500856	0.032880666	0.865861406	0.027823495
0.4985	0.862683286	0.720595	0.892696	0.830246	0.901425421	0.03315429	0.866099626	0.027545592
0.499	0.86285028	0.720595	0.892718	0.830257	0.901349987	0.03343249	0.866405914	0.027278736
0.4995	0.862988588	0.720595	0.89274	0.830268	0.901274553	0.033724675	0.866741781	0.027032031
0.5	0.863113559	0.720595	0.892761	0.83028	0.901199118	0.034039266	0.867065992	0.026812634
0.5005	0.863227182	0.720595	0.892771	0.8303	0.901123684	0.034382871	0.867338549	0.026625006
0.501	0.863339086	0.720595	0.892781	0.830321	0.901048249	0.034759609	0.867524405	0.026470457
0.5015	0.863437265	0.720595	0.89279	0.830342	0.900972815	0.035170678	0.867596572	0.026347038
0.502	0.863501633	0.720595	0.8928	0.830362	0.900897381	0.035614208	0.867538423	0.026249782
0.5025	0.863666049	0.720595	0.89281	0.830383	0.900821946	0.036085433	0.867344986	0.026171271
0.503	0.863681779	0.720595	0.89282	0.830404	0.900746512	0.036577157	0.867023204	0.026102464
0.5035	0.863595621	0.720595	0.892829	0.830424	0.90066973	0.037080483	0.866591112	0.026033679
0.504	0.863708476	0.720595	0.892839	0.830445	0.900568377	0.037585704	0.866076052	0.025955624
0.5045	0.86400127	0.720595	0.892849	0.830465	0.900467025	0.038083268	0.865512047	0.025860373
0.505	0.864712946	0.720595	0.892859	0.830486	0.900365672	0.038564704	0.864936585	0.025742164
0.5055	0.865071985	0.720595	0.892868	0.830507	0.90026432	0.039023421	0.864387106	0.025597953
0.506	0.865063064	0.720595	0.892878	0.830527	0.900162967	0.039455299	0.863897517	0.025427672
0.5065	0.865821197	0.720595	0.892888	0.830548	0.900061615	0.03985903	0.863495101	0.025234178
0.507	0.866052164	0.720595	0.892898	0.830568	0.899960263	0.040236198	0.863198103	0.025022902
0.5075	0.866638365	0.720595	0.892907	0.830589	0.89985891	0.040591092	0.86301424	0.024801257
0.508	0.866911197	0.720595	0.892917	0.830609	0.899757558	0.0409303	0.862940257	0.024577856
0.5085	0.867649331	0.720595	0.892927	0.83063	0.899656205	0.041262112	0.862962533	0.024361634
0.509	0.868128957	0.720595	0.892936	0.83065	0.899554853	0.041595782	0.863058621	0.024160949
0.5095	0.868521694	0.720595	0.892946	0.830671	0.8994535	0.041940712	0.863199536	0.023982761
0.51	0.869104029	0.720595	0.892956	0.830692	0.899313818	0.042305622	0.863352517	0.023831948
0.5105	0.869458541	0.720595	0.892966	0.830712	0.899151624	0.042697764	0.863483978	0.023710849
0.511	0.869878552	0.720595	0.892975	0.830733	0.89898943	0.043122255	0.863562402	0.023619044
0.5115	0.870223775	0.720595	0.892985	0.830753	0.898827236	0.043581591	0.863560913	0.023553423
0.512	0.870536448	0.720595	0.892995	0.830774	0.898665041	0.044075396	0.863459383	0.023508516
0.5125	0.870825205	0.720595	0.893004	0.830794	0.898502847	0.044600435	0.863245915	0.023477057
0.513	0.871102281	0.720595	0.893014	0.830815	0.898340653	0.045150903	0.862917648	0.023450721
0.5135	0.871366541	0.720595	0.893024	0.830835	0.898178459	0.045718955	0.862480836	0.023420966
0.514	0.871621055	0.720595	0.893034	0.830855	0.898016265	0.046295434	0.8619502	0.023379871
0.5145	0.871877428	0.720595	0.893043	0.830876	0.897815856	0.04687072	0.861347616	0.023320906
0.515	0.872100188	0.720595	0.893053	0.830896	0.897531959	0.047435601	0.86070021	0.023239542
0.5155	0.87235495	0.720595	0.893063	0.830917	0.897248062	0.047982096	0.860038026	0.02313365
0.516	0.872612727	0.720595	0.893072	0.830937	0.896964166	0.048504142	0.859391446	0.023003658
0.5165	0.87287132	0.720595	0.893082	0.830958	0.896680269	0.048998083	0.858788605	0.022852462
0.517	0.87312989	0.720595	0.893092	0.830978	0.896396372	0.049462947	0.858253029	0.022685099
0.5175	0.873393602	0.720595	0.893101	0.830999	0.896112475	0.049900482	0.857801726	0.022508241
0.518	0.873650843	0.720595	0.893111	0.831019	0.895828578	0.050314973	0.857443901	0.022329538
0.5185	0.873870601	0.720595	0.893121	0.831039	0.895544681	0.050712857	0.857180408	0.022156898
0.519	0.874121909	0.720595	0.89313	0.83106	0.895260784	0.051102185	0.857003938	0.021997753
0.5195	0.87435623	0.720595	0.89314	0.83108	0.894976887	0.051491958	0.856899911	0.021858378
0.52	0.874584074	0.720595	0.89315	0.831101	0.89469299	0.051891399	0.856847919	0.021743329
0.5205	0.874762203	0.720595	0.893159	0.831121	0.894409093	0.052309206	0.856823573	0.021655037
0.521	0.874900095	0.720595	0.893169	0.831141	0.894193364	0.052752834	0.856800547	0.021593603
0.5215	0.875047485	0.720595	0.893179	0.831162	0.893985718	0.053227877	0.856752661	0.021556809
0.522	0.87517893	0.720595	0.893189	0.831182	0.893778072	0.053737583	0.856655832	0.021540334
0.5225	0.875257113	0.720595	0.893198	0.831202	0.893570425	0.054282573	0.856489791	0.021538176
0.523	0.875326885	0.720595	0.893208	0.831223	0.893362779	0.05486076	0.856239452	0.021543214
0.5235	0.875360466	0.720595	0.893218	0.831243	0.893155133	0.055467523	0.855895903	0.02154787
0.524	0.875375624	0.720595	0.893227	0.831263	0.892947486	0.056096085	0.855456946	0.021544809
0.5245	0.875365833	0.720595	0.893237	0.831284	0.89273984	0.056738096	0.854927172	0.021527598
0.525	0.875371964	0.720595	0.893247	0.831304	0.892532194	0.057384336	0.854317563	0.021491271
0.5255	0.875384015	0.720595	0.893256	0.831324	0.892325486	0.0580255	0.853644625	0.021432753
0.526	0.875410233	0.720595	0.893266	0.831345	0.892122781	0.058652968	0.852929093	0.021351098
0.5265	0.875381844	0.720595	0.893276	0.831365	0.891920076	0.059259505	0.852194311	0.021247539
0.527	0.875332386	0.720595	0.893285	0.831385	0.891717371	0.059839822	0.851464403	0.02112534
0.5275	0.875346425	0.720595	0.893295	0.831406	0.891514667	0.060390966	0.850762386	0.020989474
0.528	0.875338987	0.720595	0.893305	0.831426	0.891311962	0.060912513	0.850108402	0.020846161
0.5285	0.875345349	0.720595	0.893314	0.831446	0.891109257	0.061406554	0.849518221	0.020702313
0.529	0.875348238	0.720595	0.893324	0.831466	0.890906552	0.061877501	0.849002154	0.02056492
0.5295	0.875394496	0.720595	0.893333	0.831487	0.890703847	0.062331725	0.848564436	0.020440459
0.53	0.875433326	0.720595	0.893343	0.831507	0.890501142	0.062777057	0.848203132	0.020334339
0.5305	0.875495975	0.720595	0.893353	0.831527	0.890298437	0.063222195	0.847910513	0.020250457
0.531	0.875596202	0.720595	0.893362	0.831547	0.890095732	0.063676061	0.847673845	0.020190882
0.5315	0.875707549	0.720595	0.893372	0.831568	0.889893028	0.06414713	0.847476488	0.020155698
0.532	0.87586715	0.720595	0.893382	0.831588	0.889552849	0.064642801	0.847299191	0.020143016
0.5325	0.876069823	0.720595	0.893391	0.831608	0.889171143	0.06516883	0.847121472	0.020149154
0.533	0.87628537	0.720595	0.893401	0.831628	0.888789436	0.065728889	0.846923011	0.020168963
0.5335	0.876556913	0.720595	0.893411	0.831649	0.88840773	0.066324272	0.846684948	0.020196283
0.534	0.876879045	0.720595	0.89342	0.831669	0.888026023	0.06695378	0.846391066	0.020224461
0.5345	0.877211649	0.720595	0.89343	0.831689	0.887644316	0.067613803	0.846028785	0.020246913
0.535	0.877602547	0.720595	0.89344	0.831709	0.88726261	0.068298597	0.845589931	0.020257679
0.5355	0.877991998	0.720595	0.893449	0.831729	0.886880903	0.069000724	0.845071251	0.0202519
0.536	0.878376175	0.720595	0.893459	0.83175	0.886499197	0.069711639	0.844474617	0.020226194
0.5365	0.878713815	0.720595	0.893468	0.83177	0.88611749	0.070422351	0.843806885	0.020178953
0.537	0.87904416	0.720595	0.893478	0.83179	0.885735784	0.071124115	0.843079451	0.020110395
0.5375	0.879345541	0.720595	0.893488	0.83181	0.885354077	0.071809092	0.842307434	0.020022559
0.538	0.879623446	0.720595	0.893497	0.83183	0.88497237	0.072470924	0.841508604	0.019919095
0.5385	0.879834209	0.720595	0.893507	0.831851	0.884667649	0.073105179	0.84070211	0.019804949
0.539	0.880057655	0.720595	0.893517	0.831871	0.884420532	0.07370964	0.839907106	0.019685941
0.5395	0.880242861	0.720595	0.893526	0.831891	0.884173414	0.074284428	0.839141407	0.019568287
0.54	0.880407279	0.720595	0.893536	0.831911	0.883926297	0.074831952	0.838420274	0.019458091
0.5405	0.880537152	0.720595	0.893546	0.831931	0.88367918	0.075356712	0.837755434	0.019360867
0.541	0.880510409	0.720595	0.893555	0.831951	0.883432063	0.075864952	0.837154403	0.019281104
0.5415	0.880643376	0.720595	0.893565	0.831971	0.883184945	0.07636422	0.83662013	0.019221931
0.542	0.880789146	0.720595	0.893574	0.831992	0.882937828	0.076862838	0.836150973	0.019184884
0.5425	0.880964788	0.720595	0.893584	0.832012	0.882690711	0.077369334	0.835740969	0.019169811
0.543	0.881129832	0.720595	0.893594	0.832032	0.882443593	0.077891858	0.835380355	0.019174902
0.5435	0.881110599	0.720595	0.893603	0.832052	0.882196476	0.078437625	0.835056275	0.019196852
0.544	0.881306537	0.720595	0.893613	0.832072	0.881949359	0.079012417	0.834753614	0.019231131
0.5445	0.881450622	0.720595	0.893622	0.832092	0.881702242	0.079620176	0.834455925	0.019272348
0.545	0.881531254	0.720595	0.893632	0.832112	0.881455124	0.080262722	0.834146395	0.019314671
0.5455	0.881774134	0.720595	0.893642	0.832132	0.881208007	0.080939625	0.833808797	0.019352277
0.546	0.881766751	0.720595	0.893651	0.832152	0.88096089	0.081648216	0.833428433	0.019379798
0.5465	0.881964638	0.720595	0.893652	0.832154	0.880703916	0.082383782	0.832992996	0.019392716
0.547	0.88220723	0.720595	0.893652	0.832155	0.880420019	0.083139896	0.832493305	0.019387704
0.5475	0.882469714	0.720595	0.893653	0.832156	0.880136122	0.08390887	0.831923913	0.01936286
0.548	0.882576577	0.720595	0.893653	0.832157	0.879852225	0.084682316	0.831283458	0.01931784
0.5485	0.882830568	0.720595	0.893654	0.832159	0.879568328	0.085451718	0.830574809	0.019253863
0.549	0.883021576	0.720595	0.893654	0.83216	0.879284431	0.086209048	0.829804894	0.019173605
0.5495	0.88319021	0.720595	0.893654	0.832161	0.879000534	0.086947288	0.828984292	0.019080975
0.55	0.883377726	0.720595	0.893655	0.832162	0.878716637	0.087660907	0.828126526	0.018980807
0.5505	0.883551852	0.720595	0.893655	0.832163	0.87843274	0.088346219	0.827247172	0.018878484
0.551	0.88369634	0.720595	0.893656	0.832165	0.878148843	0.089001583	0.826362839	0.018779525
0.5515	0.883851298	0.720595	0.893656	0.832166	0.877864946	0.089627483	0.825490094	0.018689174
0.552	0.884016816	0.720595	0.893657	0.832167	0.877581049	0.090226469	0.824644419	0.018612013
0.5525	0.884153279	0.720595	0.893657	0.832168	0.877297152	0.090802959	0.823839277	0.018551637
0.553	0.884278858	0.720595	0.893657	0.832169	0.877028333	0.091362934	0.823085355	0.018510399
0.5535	0.884374253	0.720595	0.893658	0.83217	0.876762217	0.091913547	0.822390003	0.018489267
0.554	0.884489961	0.720595	0.893658	0.832172	0.876496101	0.092462662	0.821756901	0.018487766
0.5545	0.884585827	0.720595	0.893659	0.832173	0.876229985	0.093018356	0.821185939	0.018504042
0.555	0.884642127	0.720595	0.893659	0.832174	0.875963868	0.093588415	0.820673306	0.018535005
0.5555	0.884705371	0.720595	0.89366	0.832175	0.875697752	0.094179846	0.820211762	0.01857657
0.556	0.884743637	0.720595	0.89366	0.832176	0.875431636	0.094798438	0.819791064	0.018623953
0.5565	0.884759728	0.720595	0.89366	0.832177	0.87516552	0.095448394	0.819398529	0.01867202
0.557	0.88476278	0.720595	0.893661	0.832178	0.874899403	0.096132069	0.819019709	0.018715646
0.5575	0.884751625	0.720595	0.893661	0.83218	0.874633287	0.09684981	0.818639155	0.018750082
0.558	0.884718969	0.720595	0.893662	0.832181	0.874367171	0.097599938	0.81824125	0.01877128
0.5585	0.884654209	0.720595	0.893662	0.832182	0.874101055	0.098378849	0.817811065	0.018776176
0.559	0.884562498	0.720595	0.893662	0.832183	0.873834938	0.099181252	0.817335222	0.018762893
0.5595	0.884485885	0.720595	0.893663	0.832184	0.873568822	0.100000505	0.816802686	0.018730862
0.56	0.884396713	0.720595	0.893663	0.832185	0.873302706	0.100829047	0.816205451	0.018680848
0.5605	0.884302476	0.720595	0.893664	0.832186	0.873076329	0.101658887	0.815539067	0.018614882
0.561	0.884183605	0.720595	0.893664	0.832187	0.872866341	0.102482106	0.81480295	0.018536102
0.5615	0.884071593	0.720595	0.893665	0.832188	0.872656353	0.103291362	0.814000446	0.018448525
0.562	0.883942585	0.720595	0.893665	0.83219	0.872446365	0.10408034	0.813138656	0.018356745
0.5625	0.883831478	0.720595	0.893665	0.832191	0.872236377	0.104844127	0.812228	0.018265613
0.563	0.88371881	0.720595	0.893666	0.832192	0.872026389	0.105579499	0.811281587	0.01817989
0.5635	0.883612618	0.720595	0.893666	0.832193	0.871816401	0.10628509	0.810314413	0.018103915
0.564	0.883498241	0.720595	0.893667	0.832194	0.871606413	0.106961448	0.809342464	0.018041315
0.5645	0.883398689	0.720595	0.893667	0.832195	0.871396426	0.107610979	0.808381783	0.017994764
0.565	0.883283402	0.720595	0.893667	0.832196	0.871186438	0.108237776	0.807447561	0.017965816
0.5655	0.883167994	0.720595	0.893668	0.832197	0.87097645	0.10884736	0.806553309	0.017954816
0.566	0.883060602	0.720595	0.893668	0.832198	0.870766462	0.10944635	0.805710146	0.017960904
0.5665	0.882924107	0.720595	0.893669	0.832199	0.870556474	0.110042062	0.804926243	0.017982088
0.567	0.882764426	0.720595	0.893669	0.8322	0.870305103	0.110642092	0.80420643	0.018015399
0.5675	0.882562629	0.720595	0.893669	0.832201	0.870014287	0.111253872	0.803551971	0.018057099
0.568	0.882361735	0.720595	0.89367	0.832202	0.869723472	0.111884249	0.802960526	0.018102941
0.5685	0.881852546	0.720595	0.89367	0.832203	0.869432656	0.112539094	0.802426272	0.018148454
0.569	0.881378719	0.720595	0.893671	0.832204	0.869141841	0.11322297	0.801940193	0.018189235
0.5695	0.881453486	0.720595	0.893671	0.832205	0.868851025	0.113938867	0.801490524	0.01822124
0.57	0.880900552	0.720595	0.893671	0.832207	0.86856021	0.114688039	0.801063335	0.018241042
0.5705	0.881205282	0.720595	0.893672	0.832208	0.868269395	0.115469926	0.800643232	0.018246047
0.571	0.881022848	0.720595	0.893672	0.832209	0.867978579	0.116282193	0.80021416	0.018234653
0.5715	0.880698981	0.720595	0.893672	0.83221	0.867687764	0.117120862	0.799760259	0.018206345
0.572	0.880203466	0.720595	0.893673	0.832211	0.867396948	0.117980549	0.799266732	0.018161716
0.5725	0.880217336	0.720595	0.893673	0.832212	0.867094566	0.118854773	0.798720685	0.01810241
0.573	0.879891761	0.720595	0.893674	0.832213	0.866758211	0.119736337	0.79811187	0.018031007
0.5735	0.88003453	0.720595	0.893674	0.832214	0.866421856	0.120617746	0.797433298	0.017950837
0.574	0.879840614	0.720595	0.893674	0.832215	0.866085501	0.121491631	0.796681658	0.017865755
0.5745	0.879654788	0.720595	0.893675	0.832216	0.865749146	0.122351176	0.79585753	0.017779879
0.575	0.880006401	0.720595	0.893675	0.832217	0.865412791	0.123190494	0.794965363	0.01769732
0.5755	0.879959523	0.720595	0.893676	0.832218	0.865076436	0.124004951	0.79401322	0.017621915
0.576	0.880197461	0.720595	0.893676	0.832219	0.864740081	0.124791413	0.793012321	0.017556978
0.5765	0.880388399	0.720595	0.893676	0.83222	0.864403726	0.125548398	0.791976399	0.0175051
0.577	0.880641734	0.720595	0.893677	0.832221	0.864067371	0.126276145	0.790920938	0.017467993
0.5775	0.880927704	0.720595	0.893677	0.832222	0.863731016	0.126976576	0.789862315	0.017446395
0.578	0.881437317	0.720595	0.893677	0.832223	0.863448217	0.127653173	0.788816929	0.017440046
0.5785	0.881982673	0.720595	0.893678	0.832223	0.863181055	0.128310774	0.78780034	0.017447724
0.579	0.882665493	0.720595	0.893678	0.832224	0.862913893	0.128955301	0.786826482	0.017467341
0.5795	0.883531397	0.720595	0.893679	0.832225	0.862646732	0.129593432	0.785906967	0.017496093
0.58	0.884497343	0.720595	0.893679	0.832226	0.86237957	0.130232248	0.785050532	0.017530645
0.5805	0.885510085	0.720595	0.893669	0.832206	0.862112408	0.130878852	0.784262618	0.017567347
0.581	0.886485202	0.720595	0.893659	0.832185	0.861845247	0.131539998	0.78354512	0.017602466
0.5815	0.887357045	0.720595	0.893648	0.832164	0.861578085	0.132221745	0.782896302	0.017632411
0.582	0.888185779	0.720595	0.893638	0.832143	0.861310923	0.132929138	0.782310879	0.017653947
0.5825	0.888924112	0.720595	0.893628	0.832123	0.861043762	0.133665958	0.781780263	0.017664384
0.583	0.889576691	0.720595	0.893618	0.832102	0.8607766	0.134434521	0.781292973	0.017661732
0.5835	0.890174349	0.720595	0.893608	0.832081	0.860509438	0.135235569	0.780835178	0.017644807
0.584	0.890747289	0.720595	0.893598	0.83206	0.860242277	0.13606823	0.780391375	0.017613293
0.5845	0.891239846	0.720595	0.893587	0.832039	0.859962903	0.136930071	0.779945148	0.017567749
0.585	0.891728659	0.720595	0.893577	0.832019	0.859674541	0.137817223	0.77948	0.017509563
0.5855	0.892127244	0.720595	0.893567	0.831998	0.859386178	0.138724585	0.778980205	0.017440855
0.586	0.892498223	0.720595	0.893557	0.831977	0.859097816	0.139646094	0.778431625	0.01736434
0.5865	0.892752336	0.720595	0.893547	0.831956	0.858809453	0.140575037	0.777822471	0.017283151
0.587	0.893008102	0.720595	0.893536	0.831936	0.858521091	0.141504404	0.77714393	0.017200643
0.5875	0.89313686	0.720595	0.893526	0.831915	0.858232729	0.142427245	0.77639064	0.017120184
0.588	0.892884538	0.720595	0.893516	0.831894	0.857944366	0.143337036	0.775560976	0.017044953
0.5885	0.892272631	0.720595	0.893506	0.831873	0.857656004	0.144228002	0.774657134	0.016977745
0.589	0.890610324	0.720595	0.893496	0.831852	0.857367641	0.145095418	0.773684995	0.016920817
0.5895	0.89192101	0.720595	0.893486	0.831831	0.857079279	0.145935836	0.772653796	0.016875759
0.59	0.890993637	0.720595	0.893475	0.831811	0.856790916	0.146747253	0.771575633	0.016843419
0.5905	0.892387924	0.720595	0.893465	0.83179	0.856502554	0.147529202	0.770464812	0.016823868
0.591	0.892590615	0.720595	0.893455	0.831769	0.856214192	0.148282762	0.769337107	0.016816414
0.5915	0.893111416	0.720595	0.893445	0.831748	0.855932039	0.149010484	0.768208964	0.016819661
0.592	0.89146592	0.720595	0.893435	0.831727	0.855653959	0.149716258	0.767096689	0.016831607
0.5925	0.892015272	0.720595	0.893424	0.831706	0.855375879	0.150405101	0.76601567	0.016849773
0.593	0.89419216	0.720595	0.893414	0.831686	0.855097798	0.1510829	0.764979659	0.016871353
0.5935	0.893341655	0.720595	0.893404	0.831665	0.854819718	0.151756119	0.764000142	0.016893382
0.594	0.893960257	0.720595	0.893394	0.831644	0.854541638	0.15243148	0.763085833	0.016912903
0.5945	0.89056219	0.720595	0.893384	0.831623	0.854263557	0.153115636	0.76224229	0.016927134
0.595	0.891401055	0.720595	0.893373	0.831602	0.853985477	0.153814861	0.761471678	0.016933617
0.5955	0.893808148	0.720595	0.893363	0.831581	0.853707396	0.154534749	0.760772683	0.016930352
0.596	0.892588961	0.720595	0.893353	0.83156	0.853429316	0.155279962	0.760140575	0.016915898
0.5965	0.894015816	0.720595	0.893343	0.831539	0.853151236	0.156054014	0.759567422	0.016889443
0.597	0.892118273	0.720595	0.893333	0.831519	0.852873155	0.156859115	0.759042456	0.016850844
0.5975	0.89337024	0.720595	0.893322	0.831498	0.852595075	0.157696072	0.758552561	0.016800624
0.598	0.892988058	0.720595	0.893312	0.831477	0.85231545	0.158564256	0.75808289	0.016739932
0.5985	0.893612378	0.720595	0.893302	0.831456	0.851951539	0.15946163	0.75761756	0.016670471
0.599	0.893424852	0.720595	0.893292	0.831435	0.851587629	0.16038485	0.757140408	0.016594397
0.5995	0.893608747	0.720595	0.893282	0.831414	0.851223718	0.161329417	0.756635764	0.016514187
0.6	0.893776327	0.720595	0.893271	0.831393	0.850859807	0.162289887	0.756089202	0.016432498
0.6005	0.893980651	0.720595	0.893261	0.831372	0.850495897	0.163260124	0.755488234	0.016352014
0.601	0.894224334	0.720595	0.893251	0.831351	0.850131986	0.164233589	0.754822903	0.0162753
0.6015	0.894259244	0.720595	0.893241	0.83133	0.849768076	0.165203645	0.754086252	0.016204653
0.602	0.894437766	0.720595	0.893231	0.831309	0.849404165	0.166163866	0.753274637	0.01614199
0.6025	0.894704267	0.720595	0.89322	0.831288	0.849040255	0.167108341	0.75238787	0.016088743
0.603	0.894889279	0.720595	0.89321	0.831268	0.848676344	0.168031947	0.751429198	0.016045792
0.6035	0.895176783	0.720595	0.8932	0.831247	0.848312434	0.168930589	0.75040511	0.016013426
0.604	0.89545582	0.720595	0.89319	0.831226	0.847948523	0.169801384	0.749324994	0.015991342
0.6045	0.895751459	0.720595	0.89318	0.831205	0.847584613	0.170642788	0.748200671	0.015978667
0.605	0.896027363	0.720595	0.893169	0.831184	0.847220702	0.171454663	0.747045815	0.01597402
0.6055	0.896371491	0.720595	0.893159	0.831163	0.846856792	0.172238265	0.745875319	0.015975592
0.606	0.89669929	0.720595	0.893149	0.831142	0.846497716	0.172996179	0.744704605	0.015981248
0.6065	0.897071871	0.720595	0.893139	0.831121	0.846181202	0.173732188	0.74354894	0.015988647
0.607	0.897441926	0.720595	0.893129	0.8311	0.845864688	0.174451087	0.742422767	0.015995371
0.6075	0.897853009	0.720595	0.893118	0.831079	0.845548174	0.175158457	0.741339084	0.01599905
0.608	0.898244772	0.720595	0.893108	0.831058	0.845231661	0.175860413	0.7403089	0.015997487
0.6085	0.898650052	0.720595	0.893098	0.831037	0.844915147	0.176563324	0.739340776	0.015988771
0.609	0.899047249	0.720595	0.893088	0.831016	0.844598633	0.177273537	0.738440481	0.015971373
0.6095	0.899493604	0.720595	0.893077	0.830995	0.844282119	0.177997103	0.737610757	0.015944223
0.61	0.899910329	0.720595	0.893067	0.830974	0.843965606	0.178739522	0.73685123	0.015906758
0.6105	0.900338567	0.720595	0.893057	0.830953	0.843649092	0.17950551	0.736158449	0.015858949
0.611	0.900744452	0.720595	0.893047	0.830932	0.843332578	0.180298812	0.73552605	0.015801292
0.6115	0.901156836	0.720595	0.893037	0.830911	0.843016064	0.181122043	0.734945057	0.015734774
0.612	0.901535653	0.720595	0.893026	0.83089	0.84269955	0.181976587	0.734404285	0.015660819
0.6125	0.901935518	0.720595	0.893016	0.830869	0.842383037	0.182862542	0.733890838	0.015581207
0.613	0.902292985	0.720595	0.893006	0.830848	0.842066523	0.183778718	0.733390678	0.015497979
0.6135	0.902637843	0.720595	0.892996	0.830827	0.841750009	0.184722685	0.732889241	0.015413332
0.614	0.903009161	0.720595	0.892985	0.830806	0.841421599	0.185690874	0.732372073	0.015329502
0.6145	0.903344218	0.720595	0.892975	0.830784	0.841041808	0.186678726	0.731825447	0.015248651
0.615	0.903677478	0.720595	0.892965	0.830763	0.840662016	0.187680878	0.731236952	0.015172757
0.6155	0.904005028	0.720595	0.892955	0.830742	0.840282225	0.188691393	0.730596014	0.015103514
0.616	0.904330291	0.720595	0.892945	0.830721	0.839902434	0.189704006	0.72989433	0.015042249
0.6165	0.904620287	0.720595	0.892934	0.8307	0.839522642	0.190712393	0.729126199	0.014989857
0.617	0.904919338	0.720595	0.892924	0.830679	0.839142851	0.191710436	0.728288737	0.014946758
0.6175	0.905192574	0.720595	0.892914	0.830658	0.83876306	0.192692493	0.727381965	0.014912878
0.618	0.905456716	0.720595	0.892904	0.830637	0.838383268	0.193653629	0.726408771	0.014887656
0.6185	0.905688286	0.720595	0.892893	0.830616	0.838003477	0.194589836	0.725374751	0.014870078
0.619	0.905920874	0.720595	0.892883	0.830595	0.837623685	0.195498192	0.724287936	0.014858729
0.6195	0.906122858	0.720595	0.892873	0.830574	0.837243894	0.196376985	0.723158429	0.014851869
0.62	0.906300202	0.720595	0.892863	0.830552	0.836864103	0.197225778	0.72199795	0.014847523
0.6205	0.906479328	0.720595	0.892874	0.830558	0.836484311	0.198045418	0.72081933	0.014843588
0.621	0.906623223	0.720595	0.892884	0.830563	0.83610452	0.198837991	0.719635959	0.014837944
0.6215	0.906790106	0.720595	0.892895	0.830568	0.835724729	0.199606725	0.71846123	0.014828572
0.622	0.906904137	0.720595	0.892906	0.830574	0.835338956	0.200355855	0.717307928	0.014813754
0.6225	0.907002996	0.720595	0.892917	0.830579	0.834937337	0.201090282	0.716188383	0.014791509
0.623	0.907104024	0.720595	0.892928	0.830584	0.834535718	0.20181579	0.715112397	0.014760844
0.6235	0.907214343	0.720595	0.892939	0.83059	0.834134099	0.202538357	0.714088401	0.01472106
0.624	0.90731144	0.720595	0.892949	0.830595	0.833732479	0.203264101	0.713122588	0.014671858
0.6245	0.907376762	0.720595	0.89296	0.8306	0.83333086	0.203999024	0.712218739	0.014613396
0.625	0.907448838	0.720595	0.892971	0.830606	0.832929241	0.204748774	0.711378123	0.014546269
0.6255	0.90758013	0.720595	0.892982	0.830611	0.832527622	0.20551843	0.710599486	0.014471482
0.626	0.907671302	0.720595	0.892993	0.830616	0.832126002	0.206312315	0.709879141	0.014390387
0.6265	0.907693405	0.720595	0.893004	0.830622	0.831724383	0.207133833	0.709211152	0.014304619
0.627	0.907709632	0.720595	0.893015	0.830627	0.831322764	0.207985346	0.708587591	0.014216012
0.6275	0.907798215	0.720595	0.893025	0.830632	0.830921145	0.208868093	0.707998876	0.01412651
0.628	0.874291375	0.720595	0.893036	0.830638	0.830519526	0.209782142	0.707434165	0.01403807
0.6285	0.896827757	0.720595	0.893047	0.830643	0.830117906	0.210726395	0.706881789	0.013952574
0.629	0.901718795	0.720595	0.893058	0.830648	0.829716287	0.211698622	0.706329716	0.013871737
0.6295	0.898860017	0.720595	0.893069	0.830653	0.829314668	0.212695552	0.70576602	0.013797037
0.63	0.898655015	0.720595	0.89308	0.830659	0.828913049	0.213712987	0.705179344	0.013729641
0.6305	0.903138817	0.720595	0.89309	0.830664	0.828568803	0.214745958	0.704559335	0.013670349
0.631	0.902303966	0.720595	0.893101	0.830669	0.828226333	0.215788915	0.703897036	0.013619545
0.6315	0.907886386	0.720595	0.893112	0.830675	0.827883862	0.216835933	0.703185203	0.013577184
0.632	0.908732355	0.720595	0.893123	0.83068	0.827541391	0.217880944	0.702418552	0.013542795
0.6325	0.910093006	0.720595	0.893134	0.830685	0.827198921	0.218917973	0.701593918	0.013515517
0.633	0.911174459	0.720595	0.893145	0.83069	0.82685645	0.219941371	0.700710331	0.01349415
0.6335	0.911862844	0.720595	0.893155	0.830696	0.82651398	0.220946037	0.699769017	0.013477221
0.634	0.912680553	0.720595	0.893166	0.830701	0.826171509	0.221927613	0.698773305	0.013463051
0.6345	0.91313215	0.720595	0.893177	0.830706	0.825829038	0.222882657	0.697728465	0.013449838
0.635	0.913661206	0.720595	0.893188	0.830711	0.825486568	0.22380877	0.696641472	0.013435754
0.6355	0.914408588	0.720595	0.893199	0.830717	0.825144097	0.224704686	0.69552071	0.013419032
0.636	0.915000287	0.720595	0.89321	0.830722	0.824801626	0.225570315	0.694375637	0.013398059
0.6365	0.915562398	0.720595	0.89322	0.830727	0.824459156	0.226406733	0.693216423	0.013371439
0.637	0.916162024	0.720595	0.893231	0.830732	0.824116685	0.22721613	0.692053567	0.013338055
0.6375	0.91661121	0.720595	0.893242	0.830737	0.82366635	0.228001715	0.690897525	0.013297105
0.638	0.917324438	0.720595	0.893253	0.830743	0.823215799	0.228767582	0.689758327	0.013248129
0.6385	0.917753879	0.720595	0.893264	0.830748	0.822765248	0.22951855	0.688645233	0.013191019
0.639	0.918295501	0.720595	0.893275	0.830753	0.822314697	0.230259971	0.687566413	0.013126012
0.6395	0.918805987	0.720595	0.893285	0.830758	0.821864146	0.230997538	0.686528673	0.01305368
0.64	0.919289639	0.720595	0.893296	0.830764	0.821413595	0.231737073	0.685537226	0.012974902
0.6405	0.919787128	0.720595	0.893307	0.830769	0.820963044	0.232484318	0.684595548	0.012890822
0.641	0.920165293	0.720595	0.893318	0.830774	0.820512493	0.233244738	0.68370528	0.012802795
0.6415	0.920658332	0.720595	0.893329	0.830779	0.820061942	0.234023328	0.682866225	0.012712314
0.642	0.921019812	0.720595	0.893339	0.830784	0.819611391	0.234824449	0.68207638	0.012620944
0.6425	0.921424897	0.720595	0.89335	0.83079	0.81916084	0.235651681	0.681332047	0.012530266
0.643	0.921826557	0.720595	0.893361	0.830795	0.818710289	0.23650771	0.680627989	0.012441819
0.6435	0.922096288	0.720595	0.893372	0.8308	0.818259738	0.237394239	0.679957645	0.012357043
0.644	0.922559817	0.720595	0.893383	0.830805	0.817809103	0.238311935	0.679313399	0.012277207
0.6445	0.922783998	0.720595	0.893394	0.83081	0.817355041	0.239260406	0.678686876	0.012203345
0.645	0.92310769	0.720595	0.893404	0.830815	0.81690098	0.240238208	0.678069254	0.012136205
0.6455	0.923279512	0.720595	0.893415	0.830821	0.816446918	0.241242899	0.677451568	0.012076228
0.646	0.923118012	0.720595	0.893426	0.830826	0.815992857	0.242271123	0.676824998	0.012023553
0.6465	0.923315647	0.720595	0.893437	0.830831	0.815538795	0.243318721	0.676181159	0.011978021
0.647	0.922831595	0.720595	0.893448	0.830836	0.815084734	0.244380873	0.675512367	0.011939185
0.6475	0.922189696	0.720595	0.893459	0.830841	0.814630672	0.245452261	0.674811883	0.011906318
0.648	0.921865512	0.720595	0.893469	0.830846	0.814176611	0.246527255	0.674074121	0.011878439
0.6485	0.922755602	0.720595	0.89348	0.830852	0.813722549	0.247600104	0.673294806	0.011854353
0.649	0.924305852	0.720595	0.893491	0.830857	0.813268488	0.248665142	0.672471074	0.011832715
0.6495	0.923513951	0.720595	0.893502	0.830862	0.812814426	0.249716988	0.671601532	0.011812097
0.65	0.924708344	0.720595	0.893513	0.830867	0.812346563	0.250750742	0.670686269	0.011791062
0.6505	0.925907787	0.720595	0.893523	0.830872	0.811855989	0.25176215	0.669726833	0.01176821
0.651	0.926129421	0.720595	0.893534	0.830877	0.811365414	0.252747752	0.668726174	0.011742218
0.6515	0.924946936	0.720595	0.893545	0.830882	0.81087484	0.253704998	0.667688531	0.011711876
0.652	0.923203942	0.720595	0.893556	0.830888	0.810384266	0.25463233	0.666619273	0.011676141
0.6525	0.926400744	0.720595	0.893567	0.830893	0.809893691	0.255529236	0.665524678	0.0116342
0.653	0.927533312	0.720595	0.893577	0.830898	0.809403117	0.256396262	0.664411714	0.011585513
0.6535	0.926583675	0.720595	0.893588	0.830903	0.808912543	0.257234976	0.663287811	0.011529804
0.654	0.92791173	0.720595	0.893599	0.830908	0.808421968	0.258047905	0.662160643	0.011467051
0.6545	0.9268763	0.720595	0.89361	0.830913	0.807931394	0.25883843	0.661037864	0.01139748
0.655	0.927297388	0.720595	0.893621	0.830918	0.80744082	0.259610672	0.659926838	0.011321601
0.6555	0.927457359	0.720595	0.893632	0.830923	0.806950245	0.260369347	0.658834377	0.011240215
0.656	0.928310329	0.720595	0.893642	0.830928	0.806459671	0.261119608	0.657766545	0.011154351
0.6565	0.928336307	0.720595	0.893653	0.830934	0.805969097	0.261866867	0.656728515	0.011065179
0.657	0.929356454	0.720595	0.893664	0.830939	0.805478522	0.262616604	0.655724448	0.010973941
0.6575	0.928321478	0.720595	0.893675	0.830944	0.804987948	0.263374199	0.654757361	0.010881943
0.658	0.93024413	0.720595	0.893686	0.830949	0.804466941	0.26414477	0.653829027	0.010790559
0.6585	0.930010743	0.720595	0.893696	0.830954	0.803910781	0.26493302	0.652939938	0.010701182
0.659	0.93022584	0.720595	0.893707	0.830959	0.80335462	0.26574309	0.652089362	0.010615115
0.6595	0.930859935	0.720595	0.893718	0.830964	0.802798459	0.266578428	0.651275439	0.010533465
0.66	0.931007959	0.720595	0.893729	0.830969	0.802242298	0.267441683	0.650495273	0.010457124
0.6605	0.93134726	0.720595	0.89374	0.830991	0.801686138	0.268334634	0.649744987	0.01038682
0.661	0.931823731	0.720595	0.89375	0.831013	0.801129977	0.26925816	0.649019831	0.010323141
0.6615	0.931951731	0.720595	0.893761	0.831036	0.800573816	0.270212204	0.648314399	0.010266422
0.662	0.932300399	0.720595	0.893772	0.831058	0.800017655	0.271195759	0.647622903	0.010216619
0.6625	0.932522166	0.720595	0.893783	0.83108	0.799461495	0.272206887	0.646939316	0.010173365
0.663	0.932707282	0.720595	0.893794	0.831102	0.798905334	0.273242813	0.646257409	0.010136163
0.6635	0.932984353	0.720595	0.893804	0.831124	0.798349173	0.274300024	0.645570954	0.01010435
0.664	0.933268825	0.720595	0.893815	0.831147	0.797793012	0.275374332	0.644874096	0.010076882
0.6645	0.933419897	0.720595	0.893826	0.831169	0.797236852	0.276460977	0.64416149	0.010052464
0.665	0.933730856	0.720595	0.893837	0.831191	0.796680691	0.277554841	0.643428118	0.010029952
0.6655	0.933995417	0.720595	0.893848	0.831213	0.79612453	0.278650647	0.642669481	0.010008188
0.666	0.934247927	0.720595	0.893858	0.831235	0.795568369	0.279743019	0.641882148	0.009985633
0.6665	0.934470127	0.720595	0.893869	0.831258	0.795012209	0.280826642	0.641063539	0.00996095
0.667	0.934772958	0.720595	0.89388	0.83128	0.794456048	0.281896591	0.640211577	0.009933222
0.6675	0.934997554	0.720595	0.893891	0.831302	0.793899887	0.282948349	0.639325567	0.009900947
0.668	0.93527121	0.720595	0.893902	0.831324	0.793343726	0.283977849	0.638405824	0.009863243
0.6685	0.935498914	0.720595	0.893912	0.831346	0.792787566	0.284981991	0.637452795	0.009819951
0.669	0.935757957	0.720595	0.893923	0.831368	0.792231405	0.285958196	0.636469092	0.009769785
0.6695	0.936001727	0.720595	0.893934	0.831391	0.791675244	0.286905075	0.635456814	0.009713175
0.67	0.93623795	0.720595	0.893945	0.831413	0.791119083	0.287821856	0.634419836	0.009649921
0.6705	0.936478089	0.720595	0.893956	0.831435	0.790562923	0.288708764	0.633362417	0.009580292
0.671	0.936712484	0.720595	0.893966	0.831457	0.790006762	0.289567094	0.632288959	0.009504957
0.6715	0.936952604	0.720595	0.893977	0.831479	0.789450601	0.290398892	0.631204524	0.009424648
0.672	0.937190194	0.720595	0.893988	0.831502	0.78889444	0.291207014	0.630114347	0.009340315
0.6725	0.937422761	0.720595	0.893999	0.831524	0.78833828	0.291995014	0.629023717	0.009253062
0.673	0.937657282	0.720595	0.89401	0.831546	0.787782119	0.292767033	0.627937831	0.009164096
0.6735	0.937880505	0.720595	0.89402	0.831568	0.787225958	0.293527665	0.626861651	0.009074683
0.674	0.938105545	0.720595	0.894031	0.83159	0.786669797	0.294281817	0.625799772	0.008986093
0.6745	0.938313261	0.720595	0.894042	0.831613	0.786113637	0.295034563	0.624756307	0.008899552
0.675	0.938523558	0.720595	0.894053	0.831635	0.785557476	0.295790992	0.623734791	0.008816192
0.6755	0.938741498	0.720595	0.894063	0.831657	0.785001315	0.296556064	0.622738108	0.008737014
0.676	0.938954318	0.720595	0.894074	0.831679	0.784445154	0.297334471	0.621768435	0.008662846
0.6765	0.939172075	0.720595	0.894085	0.831701	0.783888994	0.298130504	0.620827208	0.008594322
0.677	0.939385459	0.720595	0.894096	0.831724	0.783332833	0.29894794	0.619915113	0.008531858
0.6775	0.939591635	0.720595	0.894107	0.831746	0.782776672	0.299789942	0.619032084	0.008475646
0.678	0.939798032	0.720595	0.894117	0.831768	0.782220511	0.300658971	0.618177333	0.00842565
0.6785	0.939993053	0.720595	0.894128	0.83179	0.781664351	0.301556725	0.61734938	0.008381612
0.679	0.940184538	0.720595	0.894139	0.831812	0.78110819	0.302484096	0.61654611	0.008343069
0.6795	0.940371895	0.720595	0.89415	0.831835	0.780552029	0.303441148	0.615764828	0.008309374
0.68	0.940541115	0.720595	0.894161	0.831857	0.779995868	0.304427116	0.615002338	0.008279723
0.6805	0.940725131	0.720595	0.894171	0.831879	0.779439707	0.30544043	0.614255022	0.008253185
0.681	0.94090347	0.720595	0.894182	0.831901	0.778883547	0.306478763	0.613518925	0.00822874
0.6815	0.941067533	0.720595	0.894193	0.831924	0.778327386	0.307539093	0.612789848	0.008205316
0.682	0.941236027	0.720595	0.894204	0.831946	0.777771225	0.308617787	0.612063448	0.008181827
0.6825	0.941358134	0.720595	0.894214	0.831968	0.777215064	0.309710708	0.611335335	0.008157213
0.683	0.94155256	0.720595	0.894225	0.83199	0.776658904	0.310813325	0.610601175	0.008130476
0.6835	0.941730746	0.720595	0.894236	0.832012	0.776102743	0.311920843	0.609856787	0.008100713
0.684	0.94188251	0.720595	0.894247	0.832035	0.775546582	0.313028337	0.609098244	0.008067146
0.6845	0.942013399	0.720595	0.894258	0.832057	0.774990421	0.314130895	0.608321969	0.008029151
0.685	0.942238098	0.720595	0.894268	0.832079	0.774434261	0.315223749	0.607524813	0.007986273
0.6855	0.942390176	0.720595	0.894279	0.832101	0.7738781	0.31630242	0.606704141	0.007938242
0.686	0.942591022	0.720595	0.89429	0.832124	0.773321939	0.317362836	0.605857896	0.007884979
0.6865	0.942522757	0.720595	0.894301	0.832146	0.772765778	0.318401449	0.604984648	0.007826596
0.687	0.736388553	0.720595	0.894311	0.832168	0.772209618	0.319415331	0.60408364	0.007763389
0.6875	0.728060126	0.720595	0.894322	0.83219	0.771653457	0.320402257	0.603154804	0.007695818
0.688	0.829276741	0.720595	0.894333	0.832213	0.771097296	0.321360757	0.602198767	0.007624496
0.6885	0.916739361	0.720595	0.894344	0.832235	0.770541135	0.322290156	0.601216835	0.007550155
0.689	0.817228667	0.720595	0.894355	0.832257	0.769984975	0.323190581	0.600210962	0.007473619
0.6895	0.868464849	0.720595	0.894365	0.832279	0.769428814	0.324062953	0.599183691	0.007395777
0.69	0.844780584	0.720595	0.894376	0.832302	0.768872653	0.324908945	0.598138089	0.007317543
0.6905	0.85929271	0.720595	0.894387	0.832324	0.768316492	0.325730935	0.597077662	0.007239829
0.691	0.897907672	0.720595	0.894398	0.832346	0.767760332	0.326531923	0.596006259	0.007163515
0.6915	0.907006475	0.720595	0.894408	0.832368	0.767204171	0.32731545	0.594927969	0.007089419
0.692	0.916200273	0.720595	0.894419	0.832391	0.76664801	0.328085492	0.593847017	0.007018275
0.6925	0.922480101	0.720595	0.89443	0.832413	0.766091849	0.32884635	0.592767652	0.006950711
0.693	0.928228732	0.720595	0.894441	0.832435	0.765535689	0.329602529	0.591694043	0.006887234
0.6935	0.933513634	0.720595	0.894452	0.832457	0.764979528	0.330358724	0.590630244	0.006828215
0.694	0.935854868	0.720595	0.894462	0.83248	0.764423367	0.331119435	0.589579859	0.006773883
0.6945	0.936910509	0.720595	0.894473	0.832502	0.763867206	0.331889099	0.588546268	0.006724323
0.695	0.937589211	0.720595	0.894484	0.832524	0.763311046	0.332671895	0.587532406	0.00667947
0.6955	0.942103306	0.720595	0.894495	0.832546	0.762754885	0.333471637	0.586540724	0.006639121
0.696	0.938341974	0.720595	0.894505	0.832569	0.762198724	0.334291696	0.585573147	0.006602938
0.6965	0.942062146	0.720595	0.894516	0.832591	0.761642563	0.335134907	0.584631038	0.00657046
0.697	0.946508934	0.720595	0.894527	0.832613	0.761086403	0.336003514	0.583715177	0.006541123
0.6975	0.945754726	0.720595	0.894538	0.832636	0.760530242	0.33689911	0.58282575	0.006514274
0.698	0.945764623	0.720595	0.894549	0.832658	0.759974081	0.337822602	0.581962344	0.006489195
0.6985	0.945805122	0.720595	0.894559	0.83268	0.75941792	0.338774194	0.581123962	0.006465124
0.699	0.940132038	0.720595	0.89457	0.832702	0.75886176	0.339753382	0.580309039	0.006441283
0.6995	0.943215422	0.720595	0.894581	0.832725	0.758305599	0.340758972	0.579515474	0.006416903
0.7	0.943890862	0.720595	0.894592	0.832747	0.757749438	0.341789109	0.578740669	0.006391245
0.7005	0.943333112	0.720595	0.894593	0.832746	0.757193277	0.34284133	0.577981583	0.006363631
0.701	0.945716979	0.720595	0.894594	0.832745	0.756637117	0.343912623	0.577234791	0.006333462
0.7015	0.945358371	0.720595	0.894596	0.832744	0.756080956	0.344999511	0.576496562	0.006300237
0.702	0.94323776	0.720595	0.894597	0.832742	0.755524795	0.346098136	0.575762939	0.00626357
0.7025	0.944895965	0.720595	0.894599	0.832741	0.754968634	0.347204363	0.575029832	0.006223202
0.703	0.943482394	0.720595	0.8946	0.83274	0.754412474	0.348313888	0.574293117	0.006179001
0.7035	0.948635103	0.720595	0.894601	0.832739	0.753856313	0.349422339	0.573548732	0.006130971
0.704	0.944403745	0.720595	0.894603	0.832738	0.753300152	0.350525394	0.572792778	0.006079248
0.7045	0.948146495	0.720595	0.894604	0.832737	0.752743991	0.351618878	0.572021619	0.006024089
0.705	0.947925028	0.720595	0.894606	0.832736	0.752187831	0.352698866	0.571231973	0.005965866
0.7055	0.945906226	0.720595	0.894607	0.832734	0.75163167	0.353761777	0.570421001	0.00590505
0.706	0.947435774	0.720595	0.894608	0.832733	0.751075509	0.354804464	0.569586373	0.005842196
0.7065	0.948008459	0.720595	0.89461	0.832732	0.750519348	0.355824288	0.568726335	0.005777927
0.707	0.94823516	0.720595	0.894611	0.832731	0.749963188	0.356819184	0.567839745	0.005712908
0.7075	0.948638913	0.720595	0.894613	0.83273	0.749407027	0.357787708	0.566926094	0.005647831
0.708	0.948020866	0.720595	0.894614	0.832728	0.748850866	0.358729063	0.565985515	0.005583387
0.7085	0.949560126	0.720595	0.894615	0.832727	0.748294705	0.359643107	0.565018771	0.005520252
0.709	0.948922357	0.720595	0.894617	0.832726	0.747738545	0.360530352	0.564027232	0.005459055
0.7095	0.94951972	0.720595	0.894618	0.832725	0.747182384	0.36139194	0.563012834	0.005400365
0.71	0.949396327	0.720595	0.89462	0.832724	0.746626223	0.362229613	0.561978039	0.005344672
0.7105	0.949693244	0.720595	0.894621	0.832723	0.746070062	0.363045669	0.560925763	0.005292367
0.711	0.949571298	0.720595	0.894622	0.832721	0.745513902	0.363842905	0.559859312	0.005243734
0.7115	0.950177232	0.720595	0.894624	0.83272	0.744957741	0.364624541	0.558782295	0.005198941
0.712	0.949995612	0.720595	0.894625	0.832719	0.74440158	0.365394146	0.557698544	0.005158034
0.7125	0.950489406	0.720595	0.894626	0.832718	0.743845419	0.366155539	0.556612018	0.005120939
0.713	0.950069063	0.720595	0.894628	0.832716	0.743289259	0.3669127	0.555526717	0.005087466
0.7135	0.950394753	0.720595	0.894629	0.832715	0.742733098	0.367669675	0.554446599	0.00505732
0.714	0.95015815	0.720595	0.894631	0.832714	0.742176937	0.368430481	0.553375483	0.005030108
0.7145	0.950375274	0.720595	0.894632	0.832713	0.741620776	0.369199017	0.552316981	0.005005358
0.715	0.949491576	0.720595	0.894633	0.832712	0.741064615	0.369978977	0.551274411	0.004982539
0.7155	0.94968279	0.720595	0.894635	0.83271	0.740508455	0.370773775	0.55025073	0.004961075
0.716	0.949249454	0.720595	0.894636	0.832709	0.739952294	0.371586464	0.549248472	0.004940368
0.7165	0.948329236	0.720595	0.894638	0.832708	0.739396133	0.372419678	0.548269683	0.004919822
0.717	0.93649145	0.720595	0.894639	0.832707	0.738839972	0.37327556	0.547315887	0.004898854
0.7175	0.93027375	0.720595	0.89464	0.832705	0.738283812	0.374155724	0.546388047	0.004876919
0.718	0.929028188	0.720595	0.894642	0.832704	0.737727651	0.375061213	0.545486556	0.004853526
0.7185	0.914572855	0.720595	0.894643	0.832703	0.73717149	0.3759925	0.544611233	0.004828245
0.719	0.917240465	0.720595	0.894644	0.832702	0.736615329	0.376949486	0.543761334	0.004800725
0.7195	0.910757804	0.720595	0.894646	0.8327	0.736059169	0.377931514	0.542935562	0.0047707
0.72	0.931563765	0.720595	0.894647	0.832699	0.735503008	0.378937381	0.542132087	0.004737993
0.7205	0.914563672	0.720595	0.894649	0.832698	0.734946847	0.379965351	0.541348586	0.004702517
0.721	0.930487952	0.720595	0.89465	0.832697	0.734390686	0.381013177	0.540582293	0.004664283
0.7215	0.950214211	0.720595	0.894651	0.832695	0.733834526	0.382078166	0.539830077	0.004623388
0.722	0.94647758	0.720595	0.894653	0.832694	0.733278365	0.383157258	0.539088522	0.004580017
0.7225	0.945940406	0.720595	0.894654	0.832693	0.732722204	0.384247133	0.538354	0.004534434
0.723	0.946781972	0.720595	0.894656	0.832692	0.732166043	0.385344277	0.537622736	0.004486972
0.7235	0.916142742	0.720595	0.894657	0.83269	0.731609883	0.386445034	0.536890877	0.004438022
0.724	0.941360114	0.720595	0.894658	0.832689	0.731053722	0.387545643	0.536154576	0.004388021
0.7245	0.918549135	0.720595	0.89466	0.832688	0.730497561	0.388642317	0.535410103	0.004337436
0.725	0.938632156	0.720595	0.894661	0.832686	0.7299414	0.389731377	0.534653944	0.004286753
0.7255	0.92528787	0.720595	0.894662	0.832685	0.72938524	0.390809382	0.533882884	0.004236459
0.726	0.943557836	0.720595	0.894664	0.832684	0.728829079	0.391873191	0.533094043	0.004187028
0.7265	0.93572468	0.720595	0.894665	0.832683	0.728272918	0.392919943	0.532284916	0.004138909
0.727	0.936255604	0.720595	0.894667	0.832681	0.727716757	0.393947058	0.531453434	0.00409251
0.7275	0.933145979	0.720595	0.894668	0.83268	0.727160597	0.394952326	0.530598056	0.004048189
0.728	0.928472243	0.720595	0.894669	0.832679	0.726604436	0.395934088	0.529717832	0.004006246
0.7285	0.94932134	0.720595	0.894671	0.832677	0.726048275	0.396891335	0.528812374	0.003966913
0.729	0.931920959	0.720595	0.894672	0.832676	0.725492114	0.397823563	0.527881774	0.00393035
0.7295	0.938140632	0.720595	0.894673	0.832675	0.724935954	0.398730587	0.526926605	0.003896638
0.73	0.947529191	0.720595	0.894675	0.832673	0.724379793	0.39961268	0.525948041	0.003865787
0.7305	0.934513424	0.720595	0.894676	0.832672	0.723823632	0.400470997	0.524947868	0.003837729
0.731	0.94406119	0.720595	0.894678	0.832671	0.723267471	0.40130733	0.523928163	0.003812324
0.7315	0.947052361	0.720595	0.894679	0.832669	0.722711311	0.402123141	0.522891167	0.003789368
0.732	0.941260884	0.720595	0.89468	0.832668	0.72215515	0.402920554	0.521839966	0.003768596
0.7325	0.95220057	0.720595	0.894682	0.832667	0.721598989	0.403703342	0.520777639	0.003749694
0.733	0.952233009	0.720595	0.894683	0.832665	0.721042828	0.404475505	0.519708223	0.003732312
0.7335	0.947612558	0.720595	0.894685	0.832664	0.720486668	0.405234363	0.518632553	0.003716049
0.734	0.955183601	0.720595	0.894686	0.832663	0.719930507	0.405989413	0.517556826	0.003700514
0.7345	0.952697555	0.720595	0.894687	0.832661	0.719374346	0.406742316	0.516483651	0.003685289
0.735	0.951890308	0.720595	0.894689	0.83266	0.718818185	0.407496536	0.515416425	0.003669963
0.7355	0.954963543	0.720595	0.89469	0.832659	0.718262025	0.408255517	0.514358407	0.003654137
0.736	0.952727081	0.720595	0.894691	0.832657	0.717705864	0.409022576	0.513312648	0.003637439
0.7365	0.952726355	0.720595	0.894693	0.832656	0.717149703	0.409800842	0.512281928	0.00361953
0.737	0.952455651	0.720595	0.894694	0.832654	0.716593542	0.410593182	0.511268707	0.003600114
0.7375	0.955183798	0.720595	0.894695	0.832653	0.716037382	0.411402154	0.510275073	0.003578947
0.738	0.955401386	0.720595	0.894697	0.832652	0.715481221	0.412229953	0.50930271	0.003555843
0.7385	0.953959612	0.720595	0.894698	0.83265	0.71492506	0.413078376	0.508352862	0.003530679
0.739	0.95589163	0.720595	0.8947	0.832649	0.714368899	0.413948789	0.507426315	0.003503399
0.7395	0.955577766	0.720595	0.894701	0.832647	0.713812739	0.414842107	0.506523386	0.003474012
0.74	0.95520788	0.720595	0.894702	0.832646	0.713256578	0.415758784	0.505643921	0.003442597
0.7405	0.956836207	0.720595	0.894704	0.832645	0.712700417	0.416698805	0.504787305	0.003409297
0.741	0.956652423	0.720595	0.894705	0.832643	0.712144256	0.417661698	0.503952474	0.003374314
0.7415	0.956482348	0.720595	0.894706	0.832642	0.711588096	0.418646545	0.50313795	0.003337907
0.742	0.957185677	0.720595	0.894708	0.83264	0.711031935	0.419652005	0.502341868	0.003300382
0.7425	0.956818505	0.720595	0.894709	0.832639	0.710475774	0.420676342	0.50156202	0.003262086
0.743	0.957259028	0.720595	0.894711	0.832638	0.709919613	0.421717464	0.500795907	0.003223392
0.7435	0.957505017	0.720595	0.894712	0.832636	0.709363453	0.422772962	0.500040787	0.003184694
0.744	0.9575619	0.720595	0.894713	0.832635	0.708807292	0.423840157	0.499293736	0.003146394
0.7445	0.957500477	0.720595	0.894715	0.832633	0.708251131	0.424916155	0.498551708	0.003108886
0.745	0.957728743	0.720595	0.894716	0.832632	0.70769497	0.425997898	0.497811599	0.003072549
0.7455	0.957720753	0.720595	0.894717	0.832631	0.70713881	0.427082225	0.497070306	0.003037732
0.746	0.957807987	0.720595	0.894719	0.832629	0.706582649	0.428165928	0.496324794	0.003004747
0.7465	0.957955304	0.720595	0.89472	0.832628	0.706026488	0.429245815	0.49557215	0.002973853
0.747	0.957965061	0.720595	0.894722	0.832626	0.705470327	0.430318768	0.494809643	0.002945255
0.7475	0.95810249	0.720595	0.894723	0.832625	0.704914166	0.431381802	0.494034771	0.002919096
0.748	0.958178035	0.720595	0.894724	0.832623	0.704358006	0.432432122	0.493245309	0.002895453
0.7485	0.958293569	0.720595	0.894726	0.832622	0.703801845	0.433467174	0.492439346	0.002874334
0.749	0.958396983	0.720595	0.894727	0.83262	0.703245684	0.434484695	0.491615315	0.002855682
0.7495	0.958512609	0.720595	0.894728	0.832619	0.702689523	0.435482755	0.490772019	0.002839376
0.75	0.958650754	0.720595	0.89473	0.832617	0.702133363	0.436459791	0.489908647	0.002825235
0.7505	0.958773482	0.720595	0.894731	0.832616	0.701577202	0.437414644	0.489024782	0.002813025
0.751	0.95892503	0.720595	0.894732	0.832615	0.701021041	0.438346569	0.4881204	0.002802467
0.7515	0.959060196	0.720595	0.894734	0.832613	0.70046488	0.439255258	0.487195867	0.002793243
0.752	0.959187828	0.720595	0.894735	0.832612	0.69990872	0.440140838	0.486251923	0.002785009
0.7525	0.959333998	0.720595	0.894737	0.83261	0.699352559	0.441003869	0.485289663	0.002777404
0.753	0.959469828	0.720595	0.894738	0.832609	0.698796398	0.441845328	0.484310508	0.002770058
0.7535	0.959605718	0.720595	0.894739	0.832607	0.698240237	0.442666589	0.483316177	0.002762607
0.754	0.959729121	0.720595	0.894741	0.832606	0.697684077	0.443469393	0.482308646	0.002754703
0.7545	0.959859956	0.720595	0.894742	0.832604	0.697127916	0.444255808	0.481290111	0.002746017
0.755	0.95997832	0.720595	0.894743	0.832603	0.696571755	0.445028191	0.480262941	0.002736257
0.7555	0.960097165	0.720595	0.894745	0.832601	0.696015594	0.445789135	0.479229635	0.00272517
0.756	0.960207646	0.720595	0.894746	0.8326	0.695459434	0.44654142	0.478192772	0.002712548
0.7565	0.960321315	0.720595	0.894747	0.832598	0.694903273	0.447287954	0.477154962	0.002698238
0.757	0.960426001	0.720595	0.894749	0.832597	0.694347112	0.448031722	0.476118802	0.002682136
0.7575	0.960525635	0.720595	0.89475	0.832595	0.693790951	0.448775724	0.475086825	0.002664201
0.758	0.96062071	0.720595	0.894752	0.832594	0.693234791	0.449522923	0.474061457	0.002644444
0.7585	0.960643435	0.720595	0.894753	0.832592	0.69267863	0.450276189	0.473044978	0.002622932
0.759	0.959859118	0.720595	0.894754	0.83259	0.692122469	0.451038252	0.472039477	0.002599786
0.7595	0.794996985	0.720595	0.894756	0.832589	0.691566308	0.451811649	0.471046826	0.002575172
0.76	0.434294022	0.720595	0.894757	0.832587	0.691010148	0.452598688	0.470068645	0.002549298
0.7605	0.322902306	0.720595	0.894758	0.832586	0.690453987	0.453401411	0.469106283	0.00252241
0.761	0.323426226	0.720595	0.89476	0.832584	0.689897826	0.454221559	0.468160796	0.002494776
0.7615	0.491719739	0.720595	0.894761	0.832583	0.689341665	0.455060547	0.467232942	0.002466687
0.762	0.847933105	0.720595	0.894762	0.832581	0.688785505	0.455919449	0.466323169	0.002438444
0.7625	0.574759823	0.720595	0.894764	0.83258	0.688229344	0.456798978	0.465431617	0.002410348
0.763	0.618233892	0.720595	0.894765	0.832578	0.687673183	0.457699484	0.464558126	0.002382699
0.7635	0.53503841	0.720595	0.894766	0.832576	0.687117022	0.458620946	0.463702242	0.002355782
0.764	0.606543339	0.720595	0.894768	0.832575	0.686560862	0.45956298	0.462863234	0.002329867
0.7645	0.617888229	0.720595	0.894769	0.832573	0.686004701	0.460524845	0.462040114	0.002305196
0.765	0.702771508	0.720595	0.894771	0.832572	0.68544854	0.461505458	0.461231656	0.002281988
0.7655	0.77346071	0.720595	0.894772	0.83257	0.684892379	0.462503418	0.460436423	0.002260424
0.766	0.846798921	0.720595	0.894773	0.832569	0.684336219	0.463517023	0.459652795	0.002240653
0.7665	0.861749792	0.720595	0.894775	0.832567	0.683780058	0.464544307	0.458878998	0.002222784
0.767	0.90398829	0.720595	0.894776	0.832565	0.683223897	0.465583068	0.458113137	0.002206885
0.7675	0.888279053	0.720595	0.894777	0.832564	0.682667736	0.466630912	0.457353224	0.002192984
0.768	0.909893967	0.720595	0.894779	0.832562	0.682111576	0.467685287	0.456597216	0.002181062
0.7685	0.927575161	0.720595	0.89478	0.832561	0.681555415	0.46874353	0.455843044	0.002171063
0.769	0.940118343	0.720595	0.894781	0.832559	0.680999254	0.469802914	0.455088648	0.002162885
0.7695	0.960116982	0.894783	0.894783	0.832557	0.680443093	0.470860693	0.454332007	0.002156391
0.77	0.949724122	0.894784	0.894784	0.832556	0.679886933	0.471914149	0.453571169	0.002151404
