       3400.0000      0.41609595
       3405.0000      0.41876935
       3410.0000      0.42162437
       3415.0000      0.42449861
       3420.0000      0.42722324
       3425.0000      0.42969650
       3430.0000      0.43192392
       3435.0000      0.43401159
       3440.0000      0.43612113
       3445.0000      0.43840576
       3450.0000      0.44094945
       3455.0000      0.44373137
       3460.0000      0.44663239
       3465.0000      0.44948441
       3470.0000      0.45214113
       3475.0000      0.45453737
       3480.0000      0.45671182
       3485.0000      0.45878817
       3490.0000      0.46092651
       3495.0000      0.46326341
       3500.0000      0.46586013
       3505.0000      0.46867746
       3510.0000      0.47158930
       3515.0000      0.47443233
       3520.0000      0.47707103
       3525.0000      0.47944974
       3530.0000      0.48161063
       3535.0000      0.48367468
       3540.0000      0.48579634
       3545.0000      0.48810864
       3550.0000      0.49067570
       3555.0000      0.49346819
       3560.0000      0.49637252
       3565.0000      0.49923270
       3570.0000      0.50190928
       3575.0000      0.50433069
       3580.0000      0.50651686
       3585.0000      0.50856876
       3590.0000      0.51063142
       3595.0000      0.51284459
       3600.0000      0.51529601
       3605.0000      0.51799101
       3610.0000      0.52084914
       3615.0000      0.52373139
       3620.0000      0.52648944
       3625.0000      0.52901829
       3630.0000      0.53129158
       3635.0000      0.53336779
       3640.0000      0.53536791
       3645.0000      0.53743503
       3650.0000      0.53968895
       3655.0000      0.54218825
       3660.0000      0.54491073
       3665.0000      0.54775927
       3670.0000      0.55059337
       3675.0000      0.55327616
       3680.0000      0.55572008
       3685.0000      0.55791422
       3690.0000      0.55992513
       3695.0000      0.56187347
       3700.0000      0.56389617
       3705.0000      0.56610550
       3710.0000      0.56855571
       3715.0000      0.57122601
       3720.0000      0.57402570
       3725.0000      0.57682174
       3730.0000      0.57948062
       3735.0000      0.58191046
       3740.0000      0.58408858
       3745.0000      0.58606604
       3750.0000      0.58795013
       3755.0000      0.58987199
       3760.0000      0.59194940
       3765.0000      0.59425393
       3770.0000      0.59679042
       3775.0000      0.59949454
       3780.0000      0.60225064
       3785.0000      0.60492565
       3790.0000      0.60740873
       3795.0000      0.60964359
       3800.0000      0.61164330
       3805.0000      0.61348432
       3810.0000      0.61528366
       3815.0000      0.61716661
       3820.0000      0.61923358
       3825.0000      0.62153362
       3830.0000      0.62405074
       3835.0000      0.62670731
       3840.0000      0.62938481
       3845.0000      0.63195667
       3850.0000      0.63432368
       3855.0000      0.63644094
       3860.0000      0.63832866
       3865.0000      0.64006490
       3870.0000      0.64176389
       3875.0000      0.64354643
       3880.0000      0.64550969
       3885.0000      0.64770293
       3890.0000      0.65011470
       3895.0000      0.65267496
       3900.0000      0.65527267
       3905.0000      0.65778465
       3910.0000      0.66010786
       3915.0000      0.66218595
       3920.0000      0.66402272
       3925.0000      0.66567973
       3930.0000      0.66725972
       3935.0000      0.66888118
       3940.0000      0.67064998
       3945.0000      0.67263442
       3950.0000      0.67484889
       3955.0000      0.67724998
       3960.0000      0.67974649
       3965.0000      0.68222137
       3970.0000      0.68456048
       3975.0000      0.68668050
       3980.0000      0.68854877
       3985.0000      0.69019015
       3990.0000      0.69168000
       3995.0000      0.69312579
       4000.0000      0.69464221
       4005.0000      0.69632527
       4010.0000      0.69823091
       4015.0000      0.70036242
       4020.0000      0.70266941
       4025.0000      0.70505897
       4030.0000      0.70741679
       4035.0000      0.70963339
       4040.0000      0.71162923
       4045.0000      0.71337255
       4050.0000      0.71488582
       4055.0000      0.71623985
       4060.0000      0.71753742
       4065.0000      0.71889059
       4070.0000      0.72039669
       4075.0000      0.72211783
       4080.0000      0.72406795
       4085.0000      0.72620978
       4090.0000      0.72846270
       4095.0000      0.73071984
       4100.0000      0.73287098
       4105.0000      0.73482630
       4110.0000      0.73653555
       4115.0000      0.73799839
       4120.0000      0.73926374
       4125.0000      0.74041879
       4130.0000      0.74157043
       4135.0000      0.74282327
       4140.0000      0.74425866
       4145.0000      0.74591876
       4150.0000      0.74779837
       4155.0000      0.74984605
       4160.0000      0.75197437
       4165.0000      0.75407740
       4170.0000      0.75605197
       4175.0000      0.75781857
       4180.0000      0.75933716
       4185.0000      0.76061486
       4190.0000      0.76170388
       4195.0000      0.76269056
       4200.0000      0.76367802
       4205.0000      0.76476624
       4210.0000      0.76603319
       4215.0000      0.76752052
       4220.0000      0.76922612
       4225.0000      0.77110475
       4230.0000      0.77307651
       4235.0000      0.77504190
       4240.0000      0.77690050
       4245.0000      0.77856999
       4250.0000      0.78000155
       4255.0000      0.78118884
       4260.0000      0.78216859
       4265.0000      0.78301319
       4270.0000      0.78381680
       4275.0000      0.78467802
       4280.0000      0.78568220
       4285.0000      0.78688664
       4290.0000      0.78831090
       4295.0000      0.78993368
       4300.0000      0.79169680
       4305.0000      0.79351548
       4310.0000      0.79529330
       4315.0000      0.79693919
       4320.0000      0.79838355
       4325.0000      0.79959031
       4330.0000      0.80056297
       4335.0000      0.80134344
       4340.0000      0.80200418
       4345.0000      0.80263532
       4350.0000      0.80332917
       4355.0000      0.80416478
       4360.0000      0.80519506
       4365.0000      0.80643846
       4370.0000      0.80787626
       4375.0000      0.80945592
       4380.0000      0.81109986
       4385.0000      0.81271834
       4390.0000      0.81422428
       4395.0000      0.81554755
       4400.0000      0.81664637
       4405.0000      0.81751383
       4410.0000      0.81817855
       4415.0000      0.81869958
       4420.0000      0.81915647
       4425.0000      0.81963634
       4430.0000      0.82022014
       4435.0000      0.82097011
       4440.0000      0.82192046
       4445.0000      0.82307239
       4450.0000      0.82439428
       4455.0000      0.82582680
       4460.0000      0.82729226
       4465.0000      0.82870665
       4470.0000      0.82999252
       4475.0000      0.83109079
       4480.0000      0.83196949
       4485.0000      0.83262835
       4490.0000      0.83309838
       4495.0000      0.83343686
       4500.0000      0.83371844
       4505.0000      0.83402388
       4510.0000      0.83442810
       4515.0000      0.83498935
       4520.0000      0.83574100
       4525.0000      0.83668699
       4530.0000      0.83780166
       4535.0000      0.83903378
       4540.0000      0.84031412
       4545.0000      0.84156558
       4550.0000      0.84271420
       4555.0000      0.84369959
       4560.0000      0.84448327
       4565.0000      0.84505384
       4570.0000      0.84542829
       4575.0000      0.84564922
       4580.0000      0.84577870
       4585.0000      0.84588943
       4590.0000      0.84605461
       4595.0000      0.84633793
       4600.0000      0.84678498
       4605.0000      0.84741736
       4610.0000      0.84823008
       4615.0000      0.84919262
       4620.0000      0.85025333
       4625.0000      0.85134668
       4630.0000      0.85240205
       4635.0000      0.85335312
       4640.0000      0.85414646
       4645.0000      0.85474836
       4650.0000      0.85514892
       4655.0000      0.85536313
       4660.0000      0.85542858
       4665.0000      0.85540043
       4670.0000      0.85534411
       4675.0000      0.85532679
       4680.0000      0.85540881
       4685.0000      0.85563606
       4690.0000      0.85603440
       4695.0000      0.85660668
       4700.0000      0.85733277
       4705.0000      0.85817245
       4710.0000      0.85907074
       4715.0000      0.85996492
       4720.0000      0.86079226
       4725.0000      0.86149770
       4730.0000      0.86204029
       4735.0000      0.86239798
       4740.0000      0.86256997
       4745.0000      0.86257658
       4750.0000      0.86245656
       4755.0000      0.86226231
       4760.0000      0.86205347
       4765.0000      0.86188975
       4770.0000      0.86182384
       4775.0000      0.86189526
       4780.0000      0.86212593
       4785.0000      0.86251790
       4790.0000      0.86305344
       4795.0000      0.86369752
       4800.0000      0.86440216
       4805.0000      0.86511213
       4810.0000      0.86577136
       4815.0000      0.86632920
       4820.0000      0.86674600
       4825.0000      0.86699727
       4830.0000      0.86707615
       4835.0000      0.86699395
       4840.0000      0.86677864
       4845.0000      0.86647163
       4850.0000      0.86612304
       4855.0000      0.86578611
       4860.0000      0.86551129
       4865.0000      0.86534078
       4870.0000      0.86530399
       4875.0000      0.86541457
       4880.0000      0.86566927
       4885.0000      0.86604861
       4890.0000      0.86651932
       4895.0000      0.86703821
       4900.0000      0.86755694
       4905.0000      0.86802712
       4910.0000      0.86840533
       4915.0000      0.86865742
       4920.0000      0.86876178
       4925.0000      0.86871131
       4930.0000      0.86851385
       4935.0000      0.86819124
       4940.0000      0.86777694
       4945.0000      0.86731248
       4950.0000      0.86684321
       4955.0000      0.86641368
       4960.0000      0.86606308
       4965.0000      0.86582142
       4970.0000      0.86570666
       4975.0000      0.86572313
       4980.0000      0.86586141
       4985.0000      0.86609963
       4990.0000      0.86640591
       4995.0000      0.86674178
       5000.0000      0.86706599
       5005.0000      0.86733855
       5010.0000      0.86752441
       5015.0000      0.86759657
       5020.0000      0.86753842
       5025.0000      0.86734499
       5030.0000      0.86702320
       5035.0000      0.86659111
       5040.0000      0.86607605
       5045.0000      0.86551205
       5050.0000      0.86493659
       5055.0000      0.86438711
       5060.0000      0.86389752
       5065.0000      0.86349510
       5070.0000      0.86319810
       5075.0000      0.86301424
       5080.0000      0.86294026
       5085.0000      0.86296253
       5090.0000      0.86305862
       5095.0000      0.86319954
       5100.0000      0.86335252
       5105.0000      0.86348398
       5110.0000      0.86356240
       5115.0000      0.86356091
       5120.0000      0.86345938
       5125.0000      0.86324592
       5130.0000      0.86291765
       5135.0000      0.86248084
       5140.0000      0.86195020
       5145.0000      0.86134762
       5150.0000      0.86070021
       5155.0000      0.86003803
       5160.0000      0.85939145
       5165.0000      0.85878860
       5170.0000      0.85825303
       5175.0000      0.85780173
       5180.0000      0.85744390
       5185.0000      0.85718041
       5190.0000      0.85700394
       5195.0000      0.85689991
       5200.0000      0.85684792
       5205.0000      0.85682357
       5210.0000      0.85680055
       5215.0000      0.85675266
       5220.0000      0.85665583
       5225.0000      0.85648979
       5230.0000      0.85623945
       5235.0000      0.85589590
       5240.0000      0.85545695
       5245.0000      0.85492717
       5250.0000      0.85431756
       5255.0000      0.85364463
       5260.0000      0.85292909
       5265.0000      0.85219431
       5270.0000      0.85146440
       5275.0000      0.85076239
       5280.0000      0.85010840
       5285.0000      0.84951822
       5290.0000      0.84900215
       5295.0000      0.84856444
       5300.0000      0.84820313
       5305.0000      0.84791051
       5310.0000      0.84767384
       5315.0000      0.84747649
       5320.0000      0.84729919
       5325.0000      0.84712147
       5330.0000      0.84692301
       5335.0000      0.84668495
       5340.0000      0.84639107
       5345.0000      0.84602879
       5350.0000      0.84558993
       5355.0000      0.84507125
       5360.0000      0.84447462
       5365.0000      0.84380689
       5370.0000      0.84307945
       5375.0000      0.84230743
       5380.0000      0.84150860
       5385.0000      0.84070211
       5390.0000      0.83990711
       5395.0000      0.83914141
       5400.0000      0.83842027
       5405.0000      0.83775543
       5410.0000      0.83715440
       5415.0000      0.83662013
       5420.0000      0.83615097
       5425.0000      0.83574097
       5430.0000      0.83538035
       5435.0000      0.83505628
       5440.0000      0.83475361
       5445.0000      0.83445592
       5450.0000      0.83414639
       5455.0000      0.83380880
       5460.0000      0.83342843
       5465.0000      0.83299300
       5470.0000      0.83249330
       5475.0000      0.83192391
       5480.0000      0.83128346
       5485.0000      0.83057481
       5490.0000      0.82980489
       5495.0000      0.82898429
       5500.0000      0.82812653
       5505.0000      0.82724717
       5510.0000      0.82636284
       5515.0000      0.82549009
       5520.0000      0.82464442
       5525.0000      0.82383928
       5530.0000      0.82308536
       5535.0000      0.82239000
       5540.0000      0.82175690
       5545.0000      0.82118594
       5550.0000      0.82067331
       5555.0000      0.82021176
       5560.0000      0.81979106
       5565.0000      0.81939853
       5570.0000      0.81901971
       5575.0000      0.81863915
       5580.0000      0.81824125
       5585.0000      0.81781107
       5590.0000      0.81733522
       5595.0000      0.81680269
       5600.0000      0.81620545
       5605.0000      0.81553907
       5610.0000      0.81480295
       5615.0000      0.81400045
       5620.0000      0.81313866
       5625.0000      0.81222800
       5630.0000      0.81128159
       5635.0000      0.81031441
       5640.0000      0.80934246
       5645.0000      0.80838178
       5650.0000      0.80744756
       5655.0000      0.80655331
       5660.0000      0.80571015
       5665.0000      0.80492624
       5670.0000      0.80420643
       5675.0000      0.80355197
       5680.0000      0.80296053
       5685.0000      0.80242627
       5690.0000      0.80194019
       5695.0000      0.80149052
       5700.0000      0.80106334
       5705.0000      0.80064323
       5710.0000      0.80021416
       5715.0000      0.79976026
       5720.0000      0.79926673
       5725.0000      0.79872069
       5730.0000      0.79811187
       5735.0000      0.79743330
       5740.0000      0.79668166
       5745.0000      0.79585753
       5750.0000      0.79496536
       5755.0000      0.79401322
       5760.0000      0.79301232
       5765.0000      0.79197640
       5770.0000      0.79092094
       5775.0000      0.78986232
       5780.0000      0.78881693
       5785.0000      0.78780034
       5790.0000      0.78682648
       5795.0000      0.78590697
       5800.0000      0.78505053
       5805.0000      0.78426262
       5810.0000      0.78354512
       5815.0000      0.78289630
       5820.0000      0.78231088
       5825.0000      0.78178026
       5830.0000      0.78129297
       5835.0000      0.78083518
       5840.0000      0.78039137
       5845.0000      0.77994515
       5850.0000      0.77948000
       5855.0000      0.77898020
       5860.0000      0.77843162
       5865.0000      0.77782247
       5870.0000      0.77714393
       5875.0000      0.77639064
       5880.0000      0.77556098
       5885.0000      0.77465713
       5890.0000      0.77368499
       5895.0000      0.77265380
       5900.0000      0.77157563
       5905.0000      0.77046481
       5910.0000      0.76933711
       5915.0000      0.76820896
       5920.0000      0.76709669
       5925.0000      0.76601567
       5930.0000      0.76497966
       5935.0000      0.76400014
       5940.0000      0.76308583
       5945.0000      0.76224229
       5950.0000      0.76147168
       5955.0000      0.76077268
       5960.0000      0.76014057
       5965.0000      0.75956742
       5970.0000      0.75904246
       5975.0000      0.75855256
       5980.0000      0.75808289
       5985.0000      0.75761756
       5990.0000      0.75714041
       5995.0000      0.75663576
       6000.0000      0.75608920
       6005.0000      0.75548823
       6010.0000      0.75482290
       6015.0000      0.75408625
       6020.0000      0.75327464
       6025.0000      0.75238787
       6030.0000      0.75142920
       6035.0000      0.75040511
       6040.0000      0.74932499
       6045.0000      0.74820067
       6050.0000      0.74704582
       6055.0000      0.74587532
       6060.0000      0.74470461
       6065.0000      0.74354894
       6070.0000      0.74242277
       6075.0000      0.74133908
       6080.0000      0.74030890
       6085.0000      0.73934078
       6090.0000      0.73844048
       6095.0000      0.73761076
       6100.0000      0.73685123
       6105.0000      0.73615845
       6110.0000      0.73552605
       6115.0000      0.73494506
       6120.0000      0.73440428
       6125.0000      0.73389084
       6130.0000      0.73339068
       6135.0000      0.73288924
       6140.0000      0.73237207
       6145.0000      0.73182545
       6150.0000      0.73123695
       6155.0000      0.73059601
       6160.0000      0.72989433
       6165.0000      0.72912620
       6170.0000      0.72828874
       6175.0000      0.72738196
       6180.0000      0.72640877
       6185.0000      0.72537475
       6190.0000      0.72428794
       6195.0000      0.72315843
       6200.0000      0.72199795
       6205.0000      0.72081933
       6210.0000      0.71963596
       6215.0000      0.71846123
       6220.0000      0.71730793
       6225.0000      0.71618838
       6230.0000      0.71511240
       6235.0000      0.71408840
       6240.0000      0.71312259
       6245.0000      0.71221874
       6250.0000      0.71137812
       6255.0000      0.71059949
       6260.0000      0.70987914
       6265.0000      0.70921115
       6270.0000      0.70858759
       6275.0000      0.70799888
       6280.0000      0.70743417
       6285.0000      0.70688179
       6290.0000      0.70632972
       6295.0000      0.70576602
       6300.0000      0.70517934
       6305.0000      0.70455934
       6310.0000      0.70389704
       6315.0000      0.70318520
       6320.0000      0.70241855
       6325.0000      0.70159392
       6330.0000      0.70071033
       6335.0000      0.69976902
       6340.0000      0.69877331
       6345.0000      0.69772846
       6350.0000      0.69664147
       6355.0000      0.69552071
       6360.0000      0.69437564
       6365.0000      0.69321642
       6370.0000      0.69205357
       6375.0000      0.69089753
       6380.0000      0.68975833
       6385.0000      0.68864523
       6390.0000      0.68756641
       6395.0000      0.68652867
       6400.0000      0.68553723
       6405.0000      0.68459555
       6410.0000      0.68370528
       6415.0000      0.68286623
       6420.0000      0.68207638
       6425.0000      0.68133205
       6430.0000      0.68062799
       6435.0000      0.67995764
       6440.0000      0.67931340
       6445.0000      0.67868688
       6450.0000      0.67806925
       6455.0000      0.67745157
       6460.0000      0.67682500
       6465.0000      0.67618116
       6470.0000      0.67551237
       6475.0000      0.67481188
       6480.0000      0.67407412
       6485.0000      0.67329481
       6490.0000      0.67247107
       6495.0000      0.67160153
       6500.0000      0.67068627
       6505.0000      0.66972683
       6510.0000      0.66872617
       6515.0000      0.66768853
       6520.0000      0.66661927
       6525.0000      0.66552468
       6530.0000      0.66441171
       6535.0000      0.66328781
       6540.0000      0.66216064
       6545.0000      0.66103786
       6550.0000      0.65992684
       6555.0000      0.65883438
       6560.0000      0.65776654
       6565.0000      0.65672851
       6570.0000      0.65572445
       6575.0000      0.65475736
       6580.0000      0.65382903
       6585.0000      0.65293994
       6590.0000      0.65208936
       6595.0000      0.65127544
       6600.0000      0.65049527
       6605.0000      0.64974499
       6610.0000      0.64901983
       6615.0000      0.64831440
       6620.0000      0.64762290
       6625.0000      0.64693932
       6630.0000      0.64625741
       6635.0000      0.64557095
       6640.0000      0.64487410
       6645.0000      0.64416149
       6650.0000      0.64342812
       6655.0000      0.64266948
       6660.0000      0.64188215
       6665.0000      0.64106354
       6670.0000      0.64021158
       6675.0000      0.63932557
       6680.0000      0.63840582
       6685.0000      0.63745279
       6690.0000      0.63646909
       6695.0000      0.63545681
       6700.0000      0.63441984
       6705.0000      0.63336242
       6710.0000      0.63228896
       6715.0000      0.63120452
       6720.0000      0.63011435
       6725.0000      0.62902372
       6730.0000      0.62793783
       6735.0000      0.62686165
       6740.0000      0.62579977
       6745.0000      0.62475631
       6750.0000      0.62373479
       6755.0000      0.62273811
       6760.0000      0.62176844
       6765.0000      0.62082721
       6770.0000      0.61991511
       6775.0000      0.61903208
       6780.0000      0.61817733
       6785.0000      0.61734938
       6790.0000      0.61654611
       6795.0000      0.61576483
       6800.0000      0.61500234
       6805.0000      0.61425502
       6810.0000      0.61351893
       6815.0000      0.61278985
       6820.0000      0.61206345
       6825.0000      0.61133534
       6830.0000      0.61060117
       6835.0000      0.60985679
       6840.0000      0.60909824
       6845.0000      0.60832197
       6850.0000      0.60752481
       6855.0000      0.60670414
       6860.0000      0.60585790
       6865.0000      0.60498465
       6870.0000      0.60408364
       6875.0000      0.60315480
       6880.0000      0.60219877
       6885.0000      0.60121684
       6890.0000      0.60021096
       6895.0000      0.59918369
       6900.0000      0.59813809
       6905.0000      0.59707766
       6910.0000      0.59600626
       6915.0000      0.59492797
       6920.0000      0.59384702
       6925.0000      0.59276765
       6930.0000      0.59169404
       6935.0000      0.59063024
       6940.0000      0.58957986
       6945.0000      0.58854627
       6950.0000      0.58753241
       6955.0000      0.58654072
       6960.0000      0.58557315
       6965.0000      0.58463104
       6970.0000      0.58371518
       6975.0000      0.58282575
       6980.0000      0.58196234
       6985.0000      0.58112396
       6990.0000      0.58030904
       6995.0000      0.57951547
       7000.0000      0.57874067
       7005.0000      0.57798158
       7010.0000      0.57723479
       7015.0000      0.57649656
       7020.0000      0.57576294
       7025.0000      0.57502983
       7030.0000      0.57429312
       7035.0000      0.57354873
       7040.0000      0.57279278
       7045.0000      0.57202162
       7050.0000      0.57123197
       7055.0000      0.57042100
       7060.0000      0.56958637
       7065.0000      0.56872634
       7070.0000      0.56783975
       7075.0000      0.56692609
       7080.0000      0.56598552
       7085.0000      0.56501877
       7090.0000      0.56402723
       7095.0000      0.56301283
       7100.0000      0.56197804
       7105.0000      0.56092576
       7110.0000      0.55985931
       7115.0000      0.55878229
       7120.0000      0.55769854
       7125.0000      0.55661202
       7130.0000      0.55552672
       7135.0000      0.55444660
       7140.0000      0.55337548
       7145.0000      0.55231698
       7150.0000      0.55127441
       7155.0000      0.55025073
       7160.0000      0.54924847
       7165.0000      0.54826968
       7170.0000      0.54731589
       7175.0000      0.54638805
       7180.0000      0.54548656
       7185.0000      0.54461123
       7190.0000      0.54376133
       7195.0000      0.54293556
       7200.0000      0.54213209
       7205.0000      0.54134859
       7210.0000      0.54058229
       7215.0000      0.53983008
       7220.0000      0.53908852
       7225.0000      0.53835400
       7230.0000      0.53762274
       7235.0000      0.53689088
       7240.0000      0.53615458
       7245.0000      0.53541010
       7250.0000      0.53465394
       7255.0000      0.53388288
       7260.0000      0.53309404
       7265.0000      0.53228492
       7270.0000      0.53145343
       7275.0000      0.53059806
       7280.0000      0.52971783
       7285.0000      0.52881237
       7290.0000      0.52788177
       7295.0000      0.52692660
       7300.0000      0.52594804
       7305.0000      0.52494787
       7310.0000      0.52392816
       7315.0000      0.52289117
       7320.0000      0.52183997
       7325.0000      0.52077764
       7330.0000      0.51970822
       7335.0000      0.51863255
       7340.0000      0.51755683
       7345.0000      0.51648365
       7350.0000      0.51541642
       7355.0000      0.51435841
       7360.0000      0.51331265
       7365.0000      0.51228193
       7370.0000      0.51126871
       7375.0000      0.51027507
       7380.0000      0.50930271
       7385.0000      0.50835286
       7390.0000      0.50742632
       7395.0000      0.50652339
       7400.0000      0.50564392
       7405.0000      0.50478731
       7410.0000      0.50395247
       7415.0000      0.50313795
       7420.0000      0.50234187
       7425.0000      0.50156202
       7430.0000      0.50079591
       7435.0000      0.50004079
       7440.0000      0.49929374
       7445.0000      0.49855171
       7450.0000      0.49781160
       7455.0000      0.49707031
       7460.0000      0.49632479
       7465.0000      0.49557215
       7470.0000      0.49480964
       7475.0000      0.49403477
       7480.0000      0.49324531
       7485.0000      0.49243935
       7490.0000      0.49161531
       7495.0000      0.49077202
       7500.0000      0.48990865
       7505.0000      0.48902478
       7510.0000      0.48812040
       7515.0000      0.48719587
       7520.0000      0.48625192
       7525.0000      0.48528966
       7530.0000      0.48431051
       7535.0000      0.48331618
       7540.0000      0.48230865
       7545.0000      0.48129011
       7550.0000      0.48026294
       7555.0000      0.47922963
       7560.0000      0.47819277
       7565.0000      0.47715496
       7570.0000      0.47611880
       7575.0000      0.47508682
       7580.0000      0.47406146
       7585.0000      0.47304498
       7590.0000      0.47203948
       7595.0000      0.47104683
       7600.0000      0.47006865
       7605.0000      0.46910628
       7610.0000      0.46816080
       7615.0000      0.46723294
       7620.0000      0.46632317
       7625.0000      0.46543162
       7630.0000      0.46455813
       7635.0000      0.46370224
       7640.0000      0.46286323
       7645.0000      0.46204011
       7650.0000      0.46123166
       7655.0000      0.46043642
       7660.0000      0.45965280
       7665.0000      0.45887900
       7670.0000      0.45811314
       7675.0000      0.45735322
       7680.0000      0.45659722
       7685.0000      0.45584304
       7690.0000      0.45508865
       7695.0000      0.45433201
       7700.0000      0.45357117
